0  0.150  0.000 -0.001
1  0.150  0.002 -0.001
2  0.150  0.002 -0.001
3  0.150  0.194  0.000
4  0.150  0.194  0.000
5  0.150  0.344  0.002
6  0.150  0.344  0.002
7  0.150  0.466  0.006
8  0.150  0.466  0.006
9  0.150  0.577  0.011
10  0.150  0.577  0.011
11  0.150  0.677  0.016
12  0.150  0.677  0.016
13  0.150  0.738  0.022
14  0.150  0.738  0.022
15  0.150  0.836  0.029
16  0.150  0.836  0.029
17  0.150  0.911  0.036
18  0.150  0.911  0.036
19  0.150  0.980  0.044
20  0.150  0.980  0.044
21  0.150  1.027  0.052
22 -0.150  1.027  0.052
23 -0.150  1.022  0.060
24 -0.150  1.022  0.060
25 -0.150  0.750  0.066
26 -0.150  0.750  0.066
27 -0.150  0.441  0.070
28 -0.150  0.441  0.070
29 -0.150  0.197  0.071
30 -0.150  0.197  0.071
31 -0.150 -0.050  0.071
32 -0.150 -0.050  0.071
33 -0.150 -0.238  0.069
34 -0.150 -0.238  0.069
35 -0.150 -0.355  0.066
36 -0.150 -0.355  0.066
37 -0.150 -0.441  0.063
38 -0.150 -0.441  0.063
39 -0.150 -0.550  0.058
40 -0.150 -0.550  0.058
41 -0.150 -0.650  0.053
42 -0.150 -0.650  0.053
43 -0.150 -0.766  0.047
44 -0.150 -0.766  0.047
45 -0.150 -0.833  0.040
46 -0.150 -0.833  0.040
47 -0.150 -0.936  0.033
48 -0.150 -0.936  0.033
49 -0.150 -0.994  0.025
50 -0.150 -0.994  0.025
51 -0.150 -1.049  0.016
52 -0.150 -1.049  0.016
53 -0.150 -1.125  0.007
54 -0.150 -1.125  0.007
55 -0.150 -1.177 -0.001
56 -0.150 -1.177 -0.001
57 -0.150 -1.216 -0.011
58 -0.150 -1.216 -0.011
59 -0.150 -1.250 -0.021
60 -0.150 -1.250 -0.021
61 -0.150 -1.294 -0.031
62 -0.150 -1.294 -0.031
63 -0.150 -1.330 -0.042
64 -0.150 -1.330 -0.042
65 -0.150 -1.361 -0.053
66  0.150 -1.361 -0.053
67  0.150 -1.369 -0.064
68  0.150 -1.369 -0.064
69  0.150 -1.116 -0.073
70  0.150 -1.116 -0.073
71  0.150 -0.805 -0.079
72  0.150 -0.805 -0.079
73  0.150 -0.488 -0.083
74  0.150 -0.488 -0.083
75  0.150 -0.183 -0.084
76  0.150 -0.183 -0.084
77  0.150  0.086 -0.084
78  0.150  0.086 -0.084
79  0.150  0.280 -0.081
80  0.150  0.280 -0.081
81  0.150  0.452 -0.078
82  0.150  0.452 -0.078
83  0.150  0.583 -0.073
84  0.150  0.583 -0.073
85  0.150  0.719 -0.067
86  0.150  0.719 -0.067
87  0.150  0.822 -0.061
88  0.150  0.822 -0.061
89  0.150  0.955 -0.053
90  0.150  0.955 -0.053
91  0.150  1.022 -0.045
92  0.150  1.022 -0.045
93  0.150  1.130 -0.036
94  0.150  1.130 -0.036
95  0.150  1.191 -0.026
96  0.150  1.191 -0.026
97  0.150  1.233 -0.017
98  0.150  1.233 -0.017
99  0.150  1.294 -0.006
100  0.150  1.294 -0.006
101  0.150  1.336  0.003
102  0.150  1.336  0.003
103  0.150  1.375  0.014
104  0.150  1.375  0.014
105  0.150  1.397  0.026
106  0.150  1.397  0.026
107  0.150  1.397  0.037
108  0.150  1.397  0.037
109  0.150  1.397  0.048
110  0.150  1.397  0.048
111  0.150  1.397  0.059
112 -0.150  1.397  0.059
113 -0.150  1.397  0.070
114 -0.150  1.397  0.070
115 -0.150  1.180  0.080
116 -0.150  1.180  0.080
117 -0.150  0.844  0.087
118 -0.150  0.844  0.087
119 -0.150  0.525  0.091
120 -0.150  0.525  0.091
121 -0.150  0.233  0.093
122 -0.150  0.233  0.093
123 -0.150 -0.013  0.093
124 -0.150 -0.013  0.093
125 -0.150 -0.200  0.091
126 -0.150 -0.200  0.091
127 -0.150 -0.333  0.088
128 -0.150 -0.333  0.088
129 -0.150 -0.438  0.085
130 -0.150 -0.438  0.085
131 -0.150 -0.544  0.080
132 -0.150 -0.544  0.080
133 -0.150 -0.644  0.075
134 -0.150 -0.644  0.075
135 -0.150 -0.772  0.069
136 -0.150 -0.772  0.069
137 -0.150 -0.847  0.062
138 -0.150 -0.847  0.062
139 -0.150 -0.955  0.055
140 -0.150 -0.955  0.055
141 -0.150 -1.011  0.047
142 -0.150 -1.011  0.047
143 -0.150 -1.094  0.038
144 -0.150 -1.094  0.038
145 -0.150 -1.136  0.029
146 -0.150 -1.136  0.029
147 -0.150 -1.197  0.019
148 -0.150 -1.197  0.019
149 -0.150 -1.219  0.009
150 -0.150 -1.219  0.009
151 -0.150 -1.299 -0.000
152 -0.150 -1.299 -0.000
153 -0.150 -1.305 -0.0010
154 -0.150 -1.305 -0.0010
155 -0.150 -1.344 -0.021
156 -0.150 -1.344 -0.021
157 -0.150 -1.377 -0.032
158 -0.150 -1.377 -0.032
159 -0.150 -1.377 -0.043
160 -0.150 -1.377 -0.043
161 -0.150 -1.377 -0.054
162  0.150 -1.377 -0.054
163  0.150 -1.377 -0.065
164  0.150 -1.377 -0.065
165  0.150 -1.169 -0.075
166  0.150 -1.169 -0.075
167  0.150 -0.802 -0.081
168  0.150 -0.802 -0.081
169  0.150 -0.461 -0.085
170  0.150 -0.461 -0.085
171  0.150 -0.147 -0.086
172  0.150 -0.147 -0.086
173  0.150  0.105 -0.085
174  0.150  0.105 -0.085
175  0.150  0.313 -0.083
176  0.150  0.313 -0.083
177  0.150  0.480 -0.079
178  0.150  0.480 -0.079
179  0.150  0.627 -0.074
180  0.150  0.627 -0.074
181  0.150  0.747 -0.068
182  0.150  0.747 -0.068
183  0.150  0.838 -0.061
184  0.150  0.838 -0.061
185  0.150  0.947 -0.053
186  0.150  0.947 -0.053
187  0.150  1.036 -0.045
188  0.150  1.036 -0.045
189  0.150  1.119 -0.036
190  0.150  1.119 -0.036
191  0.150  1.180 -0.027
192  0.150  1.180 -0.027
193  0.150  1.233 -0.017
194  0.150  1.233 -0.017
195  0.150  1.297 -0.007
196  0.150  1.297 -0.007
197  0.150  1.347  0.003
198  0.150  1.347  0.003
199  0.150  1.386  0.014
200  0.150  1.386  0.014
201  0.150  1.397  0.025
202  0.150  1.397  0.025
203  0.150  1.397  0.037
204  0.150  1.397  0.037
205  0.150  1.397  0.048
206  0.150  1.397  0.048
207  0.150  1.397  0.059
208 -0.150  1.397  0.059
209 -0.150  1.397  0.070
210 -0.150  1.397  0.070
211 -0.150  1.155  0.079
212 -0.150  1.155  0.079
213 -0.150  0.850  0.086
214 -0.150  0.850  0.086
215 -0.150  0.544  0.091
216 -0.150  0.544  0.091
217 -0.150  0.197  0.092
218 -0.150  0.197  0.092
219 -0.150 -0.066  0.092
220 -0.150 -0.066  0.092
221 -0.150 -0.255  0.090
222 -0.150 -0.255  0.090
223 -0.150 -0.402  0.086
224 -0.150 -0.402  0.086
225 -0.150 -0.516  0.082
226 -0.150 -0.516  0.082
227 -0.150 -0.627  0.077
228 -0.150 -0.627  0.077
229 -0.150 -0.733  0.071
230 -0.150 -0.733  0.071
231 -0.150 -0.833  0.065
232 -0.150 -0.833  0.065
233 -0.150 -0.933  0.057
234 -0.150 -0.933  0.057
235 -0.150 -0.977  0.049
236 -0.150 -0.977  0.049
237 -0.150 -1.061  0.041
238 -0.150 -1.061  0.041
239 -0.150 -1.163  0.032
240 -0.150 -1.163  0.032
241 -0.150 -1.191  0.022
242 -0.150 -1.191  0.022
243 -0.150 -1.244  0.012
244 -0.150 -1.244  0.012
245 -0.150 -1.291  0.002
246 -0.150 -1.291  0.002
247 -0.150 -1.319 -0.008
248 -0.150 -1.319 -0.008
249 -0.150 -1.361 -0.019
250 -0.150 -1.361 -0.019
251 -0.150 -1.377 -0.030
252 -0.150 -1.377 -0.030
253 -0.150 -1.377 -0.041
254 -0.150 -1.377 -0.041
255 -0.150 -1.377 -0.052
256  0.150 -1.377 -0.052
257  0.150 -1.377 -0.063
258  0.150 -1.377 -0.063
259  0.150 -1.116 -0.072
260  0.150 -1.116 -0.072
261  0.150 -0.750 -0.078
262  0.150 -0.750 -0.078
263  0.150 -0.433 -0.081
264  0.150 -0.433 -0.081
265  0.150 -0.138 -0.082
266  0.150 -0.138 -0.082
267  0.150  0.072 -0.082
268  0.150  0.072 -0.082
269  0.150  0.250 -0.080
270  0.150  0.250 -0.080
271  0.150  0.422 -0.076
272  0.150  0.422 -0.076
273  0.150  0.575 -0.072
274  0.150  0.575 -0.072
275  0.150  0.716 -0.066
276  0.150  0.716 -0.066
277  0.150  0.833 -0.059
278  0.150  0.833 -0.059
279  0.150  0.925 -0.052
280  0.150  0.925 -0.052
281  0.150  1.016 -0.044
282  0.150  1.016 -0.044
283  0.150  1.102 -0.035
284  0.150  1.102 -0.035
285  0.150  1.172 -0.026
286  0.150  1.172 -0.026
287  0.150  1.247 -0.016
288  0.150  1.247 -0.016
289  0.150  1.283 -0.005
290  0.150  1.283 -0.005
291  0.150  1.358  0.004
292  0.150  1.358  0.004
293  0.150  1.397  0.016
294  0.150  1.397  0.016
295  0.150  1.397  0.027
296  0.150  1.397  0.027
297  0.150  1.397  0.038
298  0.150  1.397  0.038
299  0.150  1.397  0.049
300  0.150  1.397  0.049
301  0.150  1.397  0.060
302 -0.150  1.397  0.060
303 -0.150  1.397  0.072
304 -0.150  1.397  0.072
305 -0.150  1.200  0.081
306 -0.150  1.200  0.081
307 -0.150  0.838  0.088
308 -0.150  0.838  0.088
309 -0.150  0.563  0.092
310 -0.150  0.563  0.092
311 -0.150  0.269  0.094
312 -0.150  0.269  0.094
313 -0.150 -0.002  0.095
314 -0.150 -0.002  0.095
315 -0.150 -0.200  0.093
316 -0.150 -0.200  0.093
317 -0.150 -0.336  0.090
318 -0.150 -0.336  0.090
319 -0.150 -0.447  0.087
320 -0.150 -0.447  0.087
321 -0.150 -0.569  0.082
322 -0.150 -0.569  0.082
323 -0.150 -0.683  0.077
324 -0.150 -0.683  0.077
325 -0.150 -0.788  0.070
326 -0.150 -0.788  0.070
327 -0.150 -0.883  0.063
328 -0.150 -0.883  0.063
329 -0.150 -0.972  0.055
330 -0.150 -0.972  0.055
331 -0.150 -1.016  0.047
332 -0.150 -1.016  0.047
333 -0.150 -1.122  0.038
334 -0.150 -1.122  0.038
335 -0.150 -1.197  0.029
336 -0.150 -1.197  0.029
337 -0.150 -1.222  0.019
338 -0.150 -1.222  0.019
339 -0.150 -1.277  0.009
340 -0.150 -1.277  0.009
341 -0.150 -1.308 -0.001
342 -0.150 -1.308 -0.001
343 -0.150 -1.341 -0.011
344 -0.150 -1.341 -0.011
345 -0.150 -1.377 -0.022
346 -0.150 -1.377 -0.022
347 -0.150 -1.377 -0.033
348 -0.150 -1.377 -0.033
349 -0.150 -1.377 -0.044
350 -0.150 -1.377 -0.044
351 -0.150 -1.377 -0.056
352  0.150 -1.377 -0.056
353  0.150 -1.377 -0.067
354  0.150 -1.377 -0.067
355  0.150 -1.113 -0.075
356  0.150 -1.113 -0.075
357  0.150 -0.772 -0.082
358  0.150 -0.772 -0.082
359  0.150 -0.483 -0.085
360  0.150 -0.483 -0.085
361  0.150 -0.169 -0.087
362  0.150 -0.169 -0.087
363  0.150  0.061 -0.086
364  0.150  0.061 -0.086
365  0.150  0.272 -0.084
366  0.150  0.272 -0.084
367  0.150  0.430 -0.081
368  0.150  0.430 -0.081
369  0.150  0.586 -0.076
370  0.150  0.586 -0.076
371  0.150  0.697 -0.071
372  0.150  0.697 -0.071
373  0.150  0.836 -0.064
374  0.150  0.836 -0.064
375  0.150  0.916 -0.057
376  0.150  0.916 -0.057
377  0.150  1.011 -0.048
378  0.150  1.011 -0.048
379  0.150  1.094 -0.040
380  0.150  1.094 -0.040
381  0.150  1.172 -0.030
382  0.150  1.172 -0.030
383  0.150  1.241 -0.020
384  0.150  1.241 -0.020
385  0.150  1.308 -0.0010
386  0.150  1.308 -0.0010
387  0.150  1.322  0.000
388  0.150  1.322  0.000
389  0.150  1.394  0.011
390  0.150  1.394  0.011
391  0.150  1.397  0.022
392  0.150  1.397  0.022
393  0.150  1.397  0.033
394  0.150  1.397  0.033
395  0.150  1.397  0.044
396  0.150  1.397  0.044
397  0.150  1.397  0.056
398 -0.150  1.397  0.056
399 -0.150  1.397  0.067
400 -0.150  1.397  0.067
401 -0.150  1.252  0.077
402 -0.150  1.252  0.077
403 -0.150  0.869  0.084
404 -0.150  0.869  0.084
405 -0.150  0.569  0.088
406 -0.150  0.569  0.088
407 -0.150  0.277  0.091
408 -0.150  0.277  0.091
409 -0.150 -0.002  0.090
410 -0.150 -0.002  0.090
411 -0.150 -0.202  0.089
412 -0.150 -0.202  0.089
413 -0.150 -0.358  0.086
414 -0.150 -0.358  0.086
415 -0.150 -0.513  0.082
416 -0.150 -0.513  0.082
417 -0.150 -0.619  0.077
418 -0.150 -0.619  0.077
419 -0.150 -0.755  0.071
420 -0.150 -0.755  0.071
421 -0.150 -0.825  0.064
422 -0.150 -0.825  0.064
423 -0.150 -0.927  0.057
424 -0.150 -0.927  0.057
425 -0.150 -0.988  0.049
426 -0.150 -0.988  0.049
427 -0.150 -1.072  0.040
428 -0.150 -1.072  0.040
429 -0.150 -1.141  0.031
430 -0.150 -1.141  0.031
431 -0.150 -1.194  0.022
432 -0.150 -1.194  0.022
433 -0.150 -1.255  0.012
434 -0.150 -1.255  0.012
435 -0.150 -1.291  0.001
436 -0.150 -1.291  0.001
437 -0.150 -1.327 -0.008
438 -0.150 -1.327 -0.008
439 -0.150 -1.358 -0.019
440 -0.150 -1.358 -0.019
441 -0.150 -1.377 -0.030
442 -0.150 -1.377 -0.030
443 -0.150 -1.377 -0.041
444 -0.150 -1.377 -0.041
445 -0.150 -1.377 -0.052
446  0.150 -1.377 -0.052
447  0.150 -1.377 -0.063
448  0.150 -1.377 -0.063
449  0.150 -1.091 -0.072
450  0.150 -1.091 -0.072
451  0.150 -0.755 -0.078
452  0.150 -0.755 -0.078
453  0.150 -0.486 -0.082
454  0.150 -0.486 -0.082
455  0.150 -0.175 -0.083
456  0.150 -0.175 -0.083
457  0.150  0.102 -0.082
458  0.150  0.102 -0.082
459  0.150  0.327 -0.080
460  0.150  0.327 -0.080
461  0.150  0.475 -0.076
462  0.150  0.475 -0.076
463  0.150  0.586 -0.071
464  0.150  0.586 -0.071
465  0.150  0.716 -0.066
466  0.150  0.716 -0.066
467  0.150  0.830 -0.059
468  0.150  0.830 -0.059
469  0.150  0.930 -0.052
470  0.150  0.930 -0.052
471  0.150  1.013 -0.043
472  0.150  1.013 -0.043
473  0.150  1.091 -0.035
474  0.150  1.091 -0.035
475  0.150  1.155 -0.025
476  0.150  1.155 -0.025
477  0.150  1.230 -0.016
478  0.150  1.230 -0.016
479  0.150  1.288 -0.005
480  0.150  1.288 -0.005
481  0.150  1.316  0.004
482  0.150  1.316  0.004
483  0.150  1.394  0.015
484  0.150  1.394  0.015
485  0.150  1.397  0.027
486  0.150  1.397  0.027
487  0.150  1.397  0.038
488  0.150  1.397  0.038
489  0.150  1.397  0.049
490  0.150  1.397  0.049
491  0.150  1.397  0.060
492 -0.150  1.397  0.060
493 -0.150  1.397  0.071
494 -0.150  1.397  0.071
495 -0.150  1.247  0.081
496 -0.150  1.247  0.081
497 -0.150  0.886  0.088
498 -0.150  0.886  0.088
499 -0.150  0.561  0.093
500 -0.150  0.561  0.093
501 -0.150  0.258  0.095
502 -0.150  0.258  0.095
503 -0.150 -0.002  0.095
504 -0.150 -0.002  0.095
505 -0.150 -0.191  0.093
506 -0.150 -0.191  0.093
507 -0.150 -0.363  0.090
508 -0.150 -0.363  0.090
509 -0.150 -0.522  0.086
510 -0.150 -0.522  0.086
511 -0.150 -0.625  0.081
512 -0.150 -0.625  0.081
513 -0.150 -0.702  0.076
514 -0.150 -0.702  0.076
515 -0.150 -0.802  0.069
516 -0.150 -0.802  0.069
517 -0.150 -0.925  0.062
518 -0.150 -0.925  0.062
519 -0.150 -0.986  0.054
520 -0.150 -0.986  0.054
521 -0.150 -1.047  0.046
522 -0.150 -1.047  0.046
523 -0.150 -1.113  0.037
524 -0.150 -1.113  0.037
525 -0.150 -1.183  0.027
526 -0.150 -1.183  0.027
527 -0.150 -1.227  0.017
528 -0.150 -1.227  0.017
529 -0.150 -1.294  0.007
530 -0.150 -1.294  0.007
531 -0.150 -1.322 -0.003
532 -0.150 -1.322 -0.003
533 -0.150 -1.363 -0.014
534 -0.150 -1.363 -0.014
535 -0.150 -1.377 -0.025
536 -0.150 -1.377 -0.025
537 -0.150 -1.377 -0.036
538 -0.150 -1.377 -0.036
539 -0.150 -1.377 -0.047
540 -0.150 -1.377 -0.047
541 -0.150 -1.377 -0.058
542  0.150 -1.377 -0.058
543  0.150 -1.377 -0.069
544  0.150 -1.377 -0.069
545  0.150 -1.202 -0.078
546  0.150 -1.202 -0.078
547  0.150 -0.858 -0.085
548  0.150 -0.858 -0.085
549  0.150 -0.550 -0.090
550  0.150 -0.550 -0.090
551  0.150 -0.275 -0.092
552  0.150 -0.275 -0.092
553  0.150  0.000 -0.092
554  0.150  0.000 -0.092
555  0.150  0.222 -0.090
556  0.150  0.222 -0.090
557  0.150  0.377 -0.087
558  0.150  0.377 -0.087
559  0.150  0.522 -0.083
560  0.150  0.522 -0.083
561  0.150  0.691 -0.077
562  0.150  0.691 -0.077
563  0.150  0.786 -0.071
564  0.150  0.786 -0.071
565  0.150  0.900 -0.064
566  0.150  0.900 -0.064
567  0.150  0.988 -0.056
568  0.150  0.988 -0.056
569  0.150  1.083 -0.047
570  0.150  1.083 -0.047
571  0.150  1.141 -0.038
572  0.150  1.141 -0.038
573  0.150  1.225 -0.028
574  0.150  1.225 -0.028
575  0.150  1.280 -0.018
576  0.150  1.280 -0.018
577  0.150  1.347 -0.007
578  0.150  1.347 -0.007
579  0.150  1.366  0.003
580  0.150  1.366  0.003
581  0.150  1.397  0.014
582  0.150  1.397  0.014
583  0.150  1.397  0.025
584  0.150  1.397  0.025
585  0.150  1.397  0.036
586  0.150  1.397  0.036
587  0.150  1.397  0.047
588  0.150  1.397  0.047
589  0.150  1.397  0.059
590 -0.150  1.397  0.059
591 -0.150  1.397  0.070
592 -0.150  1.397  0.070
593 -0.150  1.283  0.080
594 -0.150  1.283  0.080
595 -0.150  0.922  0.087
596 -0.150  0.922  0.087
597 -0.150  0.591  0.092
598 -0.150  0.591  0.092
599 -0.150  0.280  0.094
600 -0.150  0.280  0.094
601 -0.150  0.008  0.095
602 -0.150  0.008  0.095
603 -0.150 -0.200  0.093
604 -0.150 -0.200  0.093
605 -0.150 -0.361  0.090
606 -0.150 -0.361  0.090
607 -0.150 -0.522  0.086
608 -0.150 -0.522  0.086
609 -0.150 -0.625  0.081
610 -0.150 -0.625  0.081
611 -0.150 -0.697  0.075
612 -0.150 -0.697  0.075
613 -0.150 -0.816  0.069
614 -0.150 -0.816  0.069
615 -0.150 -0.922  0.061
616 -0.150 -0.922  0.061
617 -0.150 -1.000  0.053
618 -0.150 -1.000  0.053
619 -0.150 -1.044  0.045
620 -0.150 -1.044  0.045
621 -0.150 -1.122  0.036
622 -0.150 -1.122  0.036
623 -0.150 -1.188  0.027
624 -0.150 -1.188  0.027
625 -0.150 -1.244  0.017
626 -0.150 -1.244  0.017
627 -0.150 -1.299  0.006
628 -0.150 -1.299  0.006
629 -0.150 -1.322 -0.003
630 -0.150 -1.322 -0.003
631 -0.150 -1.366 -0.014
632 -0.150 -1.366 -0.014
633 -0.150 -1.377 -0.025
634 -0.150 -1.377 -0.025
635 -0.150 -1.377 -0.036
636 -0.150 -1.377 -0.036
637 -0.150 -1.377 -0.047
638 -0.150 -1.377 -0.047
639 -0.150 -1.377 -0.058
640  0.150 -1.377 -0.058
641  0.150 -1.377 -0.069
642  0.150 -1.377 -0.069
643  0.150 -1.202 -0.079
644  0.150 -1.202 -0.079
645  0.150 -0.863 -0.086
646  0.150 -0.863 -0.086
647  0.150 -0.569 -0.091
648  0.150 -0.569 -0.091
649  0.150 -0.277 -0.093
650  0.150 -0.277 -0.093
651  0.150 -0.013 -0.093
652  0.150 -0.013 -0.093
653  0.150  0.191 -0.091
654  0.150  0.191 -0.091
655  0.150  0.338 -0.089
656  0.150  0.338 -0.089
657  0.150  0.494 -0.085
658  0.150  0.494 -0.085
659  0.150  0.644 -0.080
660  0.150  0.644 -0.080
661  0.150  0.769 -0.073
662  0.150  0.769 -0.073
663  0.150  0.863 -0.066
664  0.150  0.863 -0.066
665  0.150  0.961 -0.059
666  0.150  0.961 -0.059
667  0.150  1.058 -0.050
668  0.150  1.058 -0.050
669  0.150  1.119 -0.041
670  0.150  1.119 -0.041
671  0.150  1.186 -0.032
672  0.150  1.186 -0.032
673  0.150  1.255 -0.022
674  0.150  1.255 -0.022
675  0.150  1.308 -0.011
676  0.150  1.308 -0.011
677  0.150  1.338 -0.001
678  0.150  1.338 -0.001
679  0.150  1.397  0.0010
680  0.150  1.397  0.0010
681  0.150  1.397  0.021
682  0.150  1.397  0.021
683  0.150  1.397  0.032
684  0.150  1.397  0.032
685  0.150  1.397  0.043
686  0.150  1.397  0.043
687  0.150  1.397  0.054
688 -0.150  1.397  0.054
689 -0.150  1.397  0.065
690 -0.150  1.397  0.065
691 -0.150  1.205  0.075
692 -0.150  1.205  0.075
693 -0.150  0.891  0.082
694 -0.150  0.891  0.082
695 -0.150  0.558  0.087
696 -0.150  0.558  0.087
697 -0.150  0.269  0.089
698 -0.150  0.269  0.089
699 -0.150 -0.033  0.089
700 -0.150 -0.033  0.089
701 -0.150 -0.233  0.087
702 -0.150 -0.233  0.087
703 -0.150 -0.405  0.083
704 -0.150 -0.405  0.083
705 -0.150 -0.544  0.079
706 -0.150 -0.544  0.079
707 -0.150 -0.625  0.074
708 -0.150 -0.625  0.074
709 -0.150 -0.730  0.068
710 -0.150 -0.730  0.068
711 -0.150 -0.830  0.062
712 -0.150 -0.830  0.062
713 -0.150 -0.947  0.054
714 -0.150 -0.947  0.054
715 -0.150 -0.991  0.046
716 -0.150 -0.991  0.046
717 -0.150 -1.052  0.038
718 -0.150 -1.052  0.038
719 -0.150 -1.152  0.029
720 -0.150 -1.152  0.029
721 -0.150 -1.183  0.019
722 -0.150 -1.183  0.019
723 -0.150 -1.250  0.009
724 -0.150 -1.250  0.009
725 -0.150 -1.311 -0.000
726 -0.150 -1.311 -0.000
727 -0.150 -1.325 -0.011
728 -0.150 -1.325 -0.011
729 -0.150 -1.372 -0.022
730 -0.150 -1.372 -0.022
731 -0.150 -1.377 -0.033
732 -0.150 -1.377 -0.033
733 -0.150 -1.377 -0.044
734 -0.150 -1.377 -0.044
735 -0.150 -1.377 -0.055
736  0.150 -1.377 -0.055
737  0.150 -1.377 -0.066
738  0.150 -1.377 -0.066
739  0.150 -1.147 -0.075
740  0.150 -1.147 -0.075
741  0.150 -0.827 -0.082
742  0.150 -0.827 -0.082
743  0.150 -0.522 -0.086
744  0.150 -0.522 -0.086
745  0.150 -0.255 -0.088
746  0.150 -0.255 -0.088
747  0.150  0.033 -0.088
748  0.150  0.033 -0.088
749  0.150  0.227 -0.086
750  0.150  0.227 -0.086
751  0.150  0.377 -0.083
752  0.150  0.377 -0.083
753  0.150  0.497 -0.079
754  0.150  0.497 -0.079
755  0.150  0.644 -0.074
756  0.150  0.644 -0.074
757  0.150  0.763 -0.068
758  0.150  0.763 -0.068
759  0.150  0.863 -0.061
760  0.150  0.863 -0.061
761  0.150  0.958 -0.053
762  0.150  0.958 -0.053
763  0.150  1.033 -0.045
764  0.150  1.033 -0.045
765  0.150  1.097 -0.036
766  0.150  1.097 -0.036
767  0.150  1.188 -0.027
768  0.150  1.188 -0.027
769  0.150  1.247 -0.017
770  0.150  1.247 -0.017
771  0.150  1.291 -0.006
772  0.150  1.291 -0.006
773  0.150  1.347  0.003
774  0.150  1.347  0.003
775  0.150  1.386  0.014
776  0.150  1.386  0.014
777  0.150  1.397  0.026
778  0.150  1.397  0.026
779  0.150  1.397  0.037
780  0.150  1.397  0.037
781  0.150  1.397  0.048
782  0.150  1.397  0.048
783  0.150  1.397  0.059
784 -0.150  1.397  0.059
785 -0.150  1.397  0.070
786 -0.150  1.397  0.070
787 -0.150  1.230  0.080
788 -0.150  1.230  0.080
789 -0.150  0.822  0.087
790 -0.150  0.822  0.087
791 -0.150  0.544  0.091
792 -0.150  0.544  0.091
793 -0.150  0.241  0.093
794 -0.150  0.241  0.093
795 -0.150 -0.027  0.093
796 -0.150 -0.027  0.093
797 -0.150 -0.236  0.091
798 -0.150 -0.236  0.091
799 -0.150 -0.380  0.088
800 -0.150 -0.380  0.088
801 -0.150 -0.522  0.084
802 -0.150 -0.522  0.084
803 -0.150 -0.636  0.079
804 -0.150 -0.636  0.079
805 -0.150 -0.769  0.072
806 -0.150 -0.769  0.072
807 -0.150 -0.841  0.066
808 -0.150 -0.841  0.066
809 -0.150 -0.919  0.058
810 -0.150 -0.919  0.058
811 -0.150 -1.011  0.050
812 -0.150 -1.011  0.050
813 -0.150 -1.086  0.042
814 -0.150 -1.086  0.042
815 -0.150 -1.136  0.033
816 -0.150 -1.136  0.033
817 -0.150 -1.216  0.023
818 -0.150 -1.216  0.023
819 -0.150 -1.250  0.013
820 -0.150 -1.250  0.013
821 -0.150 -1.294  0.002
822 -0.150 -1.294  0.002
823 -0.150 -1.347 -0.007
824 -0.150 -1.347 -0.007
825 -0.150 -1.355 -0.018
826 -0.150 -1.355 -0.018
827 -0.150 -1.377 -0.029
828 -0.150 -1.377 -0.029
829 -0.150 -1.377 -0.040
830 -0.150 -1.377 -0.040
831 -0.150 -1.377 -0.051
832  0.150 -1.377 -0.051
833  0.150 -1.377 -0.062
834  0.150 -1.377 -0.062
835  0.150 -1.097 -0.071
836  0.150 -1.097 -0.071
837  0.150 -0.777 -0.077
838  0.150 -0.777 -0.077
839  0.150 -0.486 -0.081
840  0.150 -0.486 -0.081
841  0.150 -0.175 -0.083
842  0.150 -0.175 -0.083
843  0.150  0.105 -0.082
844  0.150  0.105 -0.082
845  0.150  0.325 -0.079
846  0.150  0.325 -0.079
847  0.150  0.472 -0.075
848  0.150  0.472 -0.075
849  0.150  0.597 -0.071
850  0.150  0.597 -0.071
851  0.150  0.708 -0.065
852  0.150  0.708 -0.065
853  0.150  0.819 -0.058
854  0.150  0.819 -0.058
855  0.150  0.922 -0.051
856  0.150  0.922 -0.051
857  0.150  0.997 -0.043
858  0.150  0.997 -0.043
859  0.150  1.077 -0.034
860  0.150  1.077 -0.034
861  0.150  1.161 -0.025
862  0.150  1.161 -0.025
863  0.150  1.211 -0.015
864  0.150  1.211 -0.015
865  0.150  1.272 -0.005
866  0.150  1.272 -0.005
867  0.150  1.350  0.005
868  0.150  1.350  0.005
869  0.150  1.358  0.015
870  0.150  1.358  0.015
871  0.150  1.397  0.027
872  0.150  1.397  0.027
873  0.150  1.397  0.038
874  0.150  1.397  0.038
875  0.150  1.397  0.049
876  0.150  1.397  0.049
877  0.150  1.397  0.060
878 -0.150  1.397  0.060
879 -0.150  1.397  0.071
880 -0.150  1.397  0.071
881 -0.150  1.177  0.081
882 -0.150  1.177  0.081
883 -0.150  0.858  0.088
884 -0.150  0.858  0.088
885 -0.150  0.505  0.092
886 -0.150  0.505  0.092
887 -0.150  0.211  0.093
888 -0.150  0.211  0.093
889 -0.150 -0.044  0.093
890 -0.150 -0.044  0.093
891 -0.150 -0.238  0.091
892 -0.150 -0.238  0.091
893 -0.150 -0.419  0.088
894 -0.150 -0.419  0.088
895 -0.150 -0.569  0.083
896 -0.150 -0.569  0.083
897 -0.150 -0.675  0.078
898 -0.150 -0.675  0.078
899 -0.150 -0.766  0.072
900 -0.150 -0.766  0.072
901 -0.150 -0.847  0.065
902 -0.150 -0.847  0.065
903 -0.150 -0.961  0.057
904 -0.150 -0.961  0.057
905 -0.150 -1.033  0.049
906 -0.150 -1.033  0.049
907 -0.150 -1.091  0.040
908 -0.150 -1.091  0.040
909 -0.150 -1.158  0.031
910 -0.150 -1.158  0.031
911 -0.150 -1.225  0.021
912 -0.150 -1.225  0.021
913 -0.150 -1.272  0.011
914 -0.150 -1.272  0.011
915 -0.150 -1.333  0.000
916 -0.150 -1.333  0.000
917 -0.150 -1.355 -0.0010
918 -0.150 -1.355 -0.0010
919 -0.150 -1.375 -0.021
920 -0.150 -1.375 -0.021
921 -0.150 -1.377 -0.032
922 -0.150 -1.377 -0.032
923 -0.150 -1.377 -0.043
924 -0.150 -1.377 -0.043
925 -0.150 -1.377 -0.054
926  0.150 -1.377 -0.054
927  0.150 -1.377 -0.065
928  0.150 -1.377 -0.065
929  0.150 -1.188 -0.074
930  0.150 -1.188 -0.074
931  0.150 -0.847 -0.081
932  0.150 -0.847 -0.081
933  0.150 -0.547 -0.085
934  0.150 -0.547 -0.085
935  0.150 -0.238 -0.087
936  0.150 -0.238 -0.087
937  0.150  0.038 -0.087
938  0.150  0.038 -0.087
939  0.150  0.252 -0.085
940  0.150  0.252 -0.085
941  0.150  0.444 -0.081
942  0.150  0.444 -0.081
943  0.150  0.580 -0.077
944  0.150  0.580 -0.077
945  0.150  0.683 -0.071
946  0.150  0.683 -0.071
947  0.150  0.800 -0.065
948  0.150  0.800 -0.065
949  0.150  0.891 -0.058
950  0.150  0.891 -0.058
951  0.150  0.986 -0.050
952  0.150  0.986 -0.050
953  0.150  1.066 -0.041
954  0.150  1.066 -0.041
955  0.150  1.144 -0.032
956  0.150  1.144 -0.032
957  0.150  1.211 -0.023
958  0.150  1.211 -0.023
959  0.150  1.261 -0.012
960  0.150  1.261 -0.012
961  0.150  1.338 -0.002
962  0.150  1.338 -0.002
963  0.150  1.355  0.008
964  0.150  1.355  0.008
965  0.150  1.397  0.019
966  0.150  1.397  0.019
967  0.150  1.397  0.030
968  0.150  1.397  0.030
969  0.150  1.397  0.042
970  0.150  1.397  0.042
971  0.150  1.397  0.053
972 -0.150  1.397  0.053
973 -0.150  1.397  0.064
974 -0.150  1.397  0.064
975 -0.150  1.166  0.073
976 -0.150  1.166  0.073
977 -0.150  0.872  0.080
978 -0.150  0.872  0.080
979 -0.150  0.502  0.084
980 -0.150  0.502  0.084
981 -0.150  0.222  0.086
982 -0.150  0.222  0.086
983 -0.150 -0.058  0.086
984 -0.150 -0.058  0.086
985 -0.150 -0.252  0.084
986 -0.150 -0.252  0.084
987 -0.150 -0.413  0.080
988 -0.150 -0.413  0.080
989 -0.150 -0.575  0.076
990 -0.150 -0.575  0.076
991 -0.150 -0.680  0.070
992 -0.150 -0.680  0.070
993 -0.150 -0.763  0.064
994 -0.150 -0.763  0.064
995 -0.150 -0.861  0.057
996 -0.150 -0.861  0.057
997 -0.150 -0.955  0.050
998 -0.150 -0.955  0.050
999 -0.150 -1.041  0.041