0  0.150  0.000 -0.000
1  0.150  0.005 -0.000
2  0.150  0.005 -0.000
3  0.150  0.202  0.001
4  0.150  0.202  0.001
5  0.150  0.333  0.004
6  0.150  0.333  0.004
7  0.150  0.441  0.007
8  0.150  0.441  0.007
9  0.150  0.527  0.011
10  0.150  0.527  0.011
11  0.150  0.663  0.017
12  0.150  0.663  0.017
13  0.150  0.780  0.023
14  0.150  0.780  0.023
15  0.150  0.900  0.030
16  0.150  0.900  0.030
17  0.150  0.941  0.038
18  0.150  0.941  0.038
19  0.150  1.041  0.046
20  0.150  1.041  0.046
21  0.150  1.125  0.055
22 -0.150  1.125  0.055
23 -0.150  1.213  0.065
24 -0.150  1.213  0.065
25 -0.150  0.894  0.072
26 -0.150  0.894  0.072
27 -0.150  0.633  0.077
28 -0.150  0.633  0.077
29 -0.150  0.388  0.080
30 -0.150  0.388  0.080
31 -0.150  0.147  0.081
32 -0.150  0.147  0.081
33 -0.150 -0.052  0.081
34 -0.150 -0.052  0.081
35 -0.150 -0.186  0.079
36 -0.150 -0.186  0.079
37 -0.150 -0.291  0.077
38 -0.150 -0.291  0.077
39 -0.150 -0.394  0.074
40 -0.150 -0.394  0.074
41 -0.150 -0.461  0.070
42 -0.150 -0.461  0.070
43 -0.150 -0.608  0.065
44 -0.150 -0.608  0.065
45 -0.150 -0.697  0.060
46 -0.150 -0.697  0.060
47 -0.150 -0.772  0.054
48 -0.150 -0.772  0.054
49 -0.150 -0.855  0.047
50 -0.150 -0.855  0.047
51 -0.150 -0.922  0.039
52 -0.150 -0.922  0.039
53 -0.150 -0.977  0.031
54 -0.150 -0.977  0.031
55 -0.150 -1.044  0.023
56 -0.150 -1.044  0.023
57 -0.150 -1.088  0.014
58 -0.150 -1.088  0.014
59 -0.150 -1.125  0.005
60 -0.150 -1.125  0.005
61 -0.150 -1.169 -0.003
62 -0.150 -1.169 -0.003
63 -0.150 -1.200 -0.013
64 -0.150 -1.200 -0.013
65 -0.150 -1.208 -0.022
66 -0.150 -1.208 -0.022
67 -0.150 -1.241 -0.032
68 -0.150 -1.241 -0.032
69 -0.150 -1.238 -0.042
70 -0.150 -1.238 -0.042
71 -0.150 -1.252 -0.052
72  0.150 -1.252 -0.052
73  0.150 -1.258 -0.062
74  0.150 -1.258 -0.062
75  0.150 -0.880 -0.069
76  0.150 -0.880 -0.069
77  0.150 -0.513 -0.073
78  0.150 -0.513 -0.073
79  0.150 -0.200 -0.075
80  0.150 -0.200 -0.075
81  0.150  0.108 -0.074
82  0.150  0.108 -0.074
83  0.150  0.338 -0.071
84  0.150  0.338 -0.071
85  0.150  0.500 -0.067
86  0.150  0.500 -0.067
87  0.150  0.655 -0.062
88  0.150  0.655 -0.062
89  0.150  0.813 -0.056
90  0.150  0.813 -0.056
91  0.150  0.955 -0.048
92  0.150  0.955 -0.048
93  0.150  1.083 -0.039
94  0.150  1.083 -0.039
95  0.150  1.161 -0.030
96  0.150  1.161 -0.030
97  0.150  1.241 -0.020
98  0.150  1.241 -0.020
99  0.150  1.352 -0.009
100  0.150  1.352 -0.009
101  0.150  1.394  0.001
102  0.150  1.394  0.001
103  0.150  1.397  0.012
104  0.150  1.397  0.012
105  0.150  1.397  0.023
106  0.150  1.397  0.023
107  0.150  1.397  0.034
108  0.150  1.397  0.034
109  0.150  1.397  0.046
110  0.150  1.397  0.046
111  0.150  1.397  0.057
112 -0.150  1.397  0.057
113 -0.150  1.397  0.068
114 -0.150  1.397  0.068
115 -0.150  1.397  0.079
116 -0.150  1.397  0.079
117 -0.150  1.072  0.088
118 -0.150  1.072  0.088
119 -0.150  0.766  0.094
120 -0.150  0.766  0.094
121 -0.150  0.525  0.098
122 -0.150  0.525  0.098
123 -0.150  0.252  0.0100
124 -0.150  0.252  0.0100
125 -0.150  0.008  0.0100
126 -0.150  0.008  0.0100
127 -0.150 -0.166  0.099
128 -0.150 -0.166  0.099
129 -0.150 -0.333  0.096
130 -0.150 -0.333  0.096
131 -0.150 -0.458  0.093
132 -0.150 -0.458  0.093
133 -0.150 -0.597  0.088
134 -0.150 -0.597  0.088
135 -0.150 -0.702  0.082
136 -0.150 -0.702  0.082
137 -0.150 -0.783  0.076
138 -0.150 -0.783  0.076
139 -0.150 -0.877  0.069
140 -0.150 -0.877  0.069
141 -0.150 -0.966  0.061
142 -0.150 -0.966  0.061
143 -0.150 -1.011  0.053
144 -0.150 -1.011  0.053
145 -0.150 -1.061  0.045
146 -0.150 -1.061  0.045
147 -0.150 -1.130  0.036
148 -0.150 -1.130  0.036
149 -0.150 -1.163  0.026
150 -0.150 -1.163  0.026
151 -0.150 -1.202  0.017
152 -0.150 -1.202  0.017
153 -0.150 -1.227  0.007
154 -0.150 -1.227  0.007
155 -0.150 -1.283 -0.002
156 -0.150 -1.283 -0.002
157 -0.150 -1.291 -0.013
158 -0.150 -1.291 -0.013
159 -0.150 -1.299 -0.023
160 -0.150 -1.299 -0.023
161 -0.150 -1.341 -0.034
162 -0.150 -1.341 -0.034
163 -0.150 -1.316 -0.044
164 -0.150 -1.316 -0.044
165 -0.150 -1.341 -0.055
166  0.150 -1.341 -0.055
167  0.150 -1.352 -0.066
168  0.150 -1.352 -0.066
169  0.150 -0.936 -0.073
170  0.150 -0.936 -0.073
171  0.150 -0.575 -0.078
172  0.150 -0.575 -0.078
173  0.150 -0.244 -0.080
174  0.150 -0.244 -0.080
175  0.150  0.052 -0.079
176  0.150  0.052 -0.079
177  0.150  0.294 -0.077
178  0.150  0.294 -0.077
179  0.150  0.494 -0.073
180  0.150  0.494 -0.073
181  0.150  0.641 -0.068
182  0.150  0.641 -0.068
183  0.150  0.805 -0.061
184  0.150  0.805 -0.061
185  0.150  0.922 -0.054
186  0.150  0.922 -0.054
187  0.150  1.030 -0.046
188  0.150  1.030 -0.046
189  0.150  1.127 -0.037
190  0.150  1.127 -0.037
191  0.150  1.233 -0.027
192  0.150  1.233 -0.027
193  0.150  1.294 -0.017
194  0.150  1.294 -0.017
195  0.150  1.366 -0.006
196  0.150  1.366 -0.006
197  0.150  1.397  0.004
198  0.150  1.397  0.004
199  0.150  1.397  0.016
200  0.150  1.397  0.016
201  0.150  1.397  0.027
202  0.150  1.397  0.027
203  0.150  1.397  0.038
204  0.150  1.397  0.038
205  0.150  1.397  0.049
206  0.150  1.397  0.049
207  0.150  1.397  0.060
208 -0.150  1.397  0.060
209 -0.150  1.397  0.072
210 -0.150  1.397  0.072
211 -0.150  1.336  0.082
212 -0.150  1.336  0.082
213 -0.150  1.041  0.091
214 -0.150  1.041  0.091
215 -0.150  0.761  0.097
216 -0.150  0.761  0.097
217 -0.150  0.447  0.0100
218 -0.150  0.447  0.0100
219 -0.150  0.186  0.102
220 -0.150  0.186  0.102
221 -0.150 -0.022  0.102
222 -0.150 -0.022  0.102
223 -0.150 -0.180  0.0100
224 -0.150 -0.180  0.0100
225 -0.150 -0.313  0.098
226 -0.150 -0.313  0.098
227 -0.150 -0.444  0.094
228 -0.150 -0.444  0.094
229 -0.150 -0.566  0.090
230 -0.150 -0.566  0.090
231 -0.150 -0.658  0.084
232 -0.150 -0.658  0.084
233 -0.150 -0.777  0.078
234 -0.150 -0.777  0.078
235 -0.150 -0.847  0.071
236 -0.150 -0.847  0.071
237 -0.150 -0.944  0.064
238 -0.150 -0.944  0.064
239 -0.150 -1.019  0.056
240 -0.150 -1.019  0.056
241 -0.150 -1.072  0.047
242 -0.150 -1.072  0.047
243 -0.150 -1.127  0.038
244 -0.150 -1.127  0.038
245 -0.150 -1.205  0.028
246 -0.150 -1.205  0.028
247 -0.150 -1.225  0.019
248 -0.150 -1.225  0.019
249 -0.150 -1.263  0.008
250 -0.150 -1.263  0.008
251 -0.150 -1.297 -0.001
252 -0.150 -1.297 -0.001
253 -0.150 -1.313 -0.011
254 -0.150 -1.313 -0.011
255 -0.150 -1.327 -0.022
256 -0.150 -1.327 -0.022
257 -0.150 -1.358 -0.033
258 -0.150 -1.358 -0.033
259 -0.150 -1.361 -0.044
260 -0.150 -1.361 -0.044
261 -0.150 -1.366 -0.055
262  0.150 -1.366 -0.055
263  0.150 -1.338 -0.065
264  0.150 -1.338 -0.065
265  0.150 -1.049 -0.074
266  0.150 -1.049 -0.074
267  0.150 -0.752 -0.080
268  0.150 -0.752 -0.080
269  0.150 -0.438 -0.083
270  0.150 -0.438 -0.083
271  0.150 -0.141 -0.085
272  0.150 -0.141 -0.085
273  0.150  0.127 -0.084
274  0.150  0.127 -0.084
275  0.150  0.350 -0.081
276  0.150  0.350 -0.081
277  0.150  0.561 -0.076
278  0.150  0.561 -0.076
279  0.150  0.713 -0.071
280  0.150  0.713 -0.071
281  0.150  0.805 -0.064
282  0.150  0.805 -0.064
283  0.150  0.938 -0.057
284  0.150  0.938 -0.057
285  0.150  1.063 -0.048
286  0.150  1.063 -0.048
287  0.150  1.155 -0.039
288  0.150  1.155 -0.039
289  0.150  1.219 -0.029
290  0.150  1.219 -0.029
291  0.150  1.316 -0.019
292  0.150  1.316 -0.019
293  0.150  1.369 -0.008
294  0.150  1.369 -0.008
295  0.150  1.397  0.003
296  0.150  1.397  0.003
297  0.150  1.397  0.014
298  0.150  1.397  0.014
299  0.150  1.397  0.025
300  0.150  1.397  0.025
301  0.150  1.397  0.036
302  0.150  1.397  0.036
303  0.150  1.397  0.047
304  0.150  1.397  0.047
305  0.150  1.397  0.058
306 -0.150  1.397  0.058
307 -0.150  1.397  0.070
308 -0.150  1.397  0.070
309 -0.150  1.338  0.080
310 -0.150  1.338  0.080
311 -0.150  1.047  0.089
312 -0.150  1.047  0.089
313 -0.150  0.716  0.094
314 -0.150  0.716  0.094
315 -0.150  0.436  0.098
316 -0.150  0.436  0.098
317 -0.150  0.177  0.099
318 -0.150  0.177  0.099
319 -0.150 -0.052  0.099
320 -0.150 -0.052  0.099
321 -0.150 -0.244  0.097
322 -0.150 -0.244  0.097
323 -0.150 -0.408  0.094
324 -0.150 -0.408  0.094
325 -0.150 -0.500  0.090
326 -0.150 -0.500  0.090
327 -0.150 -0.597  0.085
328 -0.150 -0.597  0.085
329 -0.150 -0.694  0.079
330 -0.150 -0.694  0.079
331 -0.150 -0.808  0.073
332 -0.150 -0.808  0.073
333 -0.150 -0.897  0.066
334 -0.150 -0.897  0.066
335 -0.150 -0.969  0.058
336 -0.150 -0.969  0.058
337 -0.150 -1.027  0.050
338 -0.150 -1.027  0.050
339 -0.150 -1.0100  0.041
340 -0.150 -1.0100  0.041
341 -0.150 -1.155  0.032
342 -0.150 -1.155  0.032
343 -0.150 -1.211  0.022
344 -0.150 -1.211  0.022
345 -0.150 -1.250  0.012
346 -0.150 -1.250  0.012
347 -0.150 -1.288  0.002
348 -0.150 -1.288  0.002
349 -0.150 -1.316 -0.008
350 -0.150 -1.316 -0.008
351 -0.150 -1.338 -0.018
352 -0.150 -1.338 -0.018
353 -0.150 -1.350 -0.029
354 -0.150 -1.350 -0.029
355 -0.150 -1.366 -0.040
356 -0.150 -1.366 -0.040
357 -0.150 -1.377 -0.051
358  0.150 -1.377 -0.051
359  0.150 -1.355 -0.062
360  0.150 -1.355 -0.062
361  0.150 -1.086 -0.071
362  0.150 -1.086 -0.071
363  0.150 -0.713 -0.076
364  0.150 -0.713 -0.076
365  0.150 -0.383 -0.080
366  0.150 -0.383 -0.080
367  0.150 -0.075 -0.080
368  0.150 -0.075 -0.080
369  0.150  0.202 -0.079
370  0.150  0.202 -0.079
371  0.150  0.416 -0.075
372  0.150  0.416 -0.075
373  0.150  0.572 -0.071
374  0.150  0.572 -0.071
375  0.150  0.661 -0.065
376  0.150  0.661 -0.065
377  0.150  0.797 -0.059
378  0.150  0.797 -0.059
379  0.150  0.919 -0.052
380  0.150  0.919 -0.052
381  0.150  1.049 -0.043
382  0.150  1.049 -0.043
383  0.150  1.108 -0.034
384  0.150  1.108 -0.034
385  0.150  1.200 -0.025
386  0.150  1.200 -0.025
387  0.150  1.269 -0.015
388  0.150  1.269 -0.015
389  0.150  1.327 -0.004
390  0.150  1.327 -0.004
391  0.150  1.380  0.006
392  0.150  1.380  0.006
393  0.150  1.397  0.017
394  0.150  1.397  0.017
395  0.150  1.397  0.028
396  0.150  1.397  0.028
397  0.150  1.397  0.040
398  0.150  1.397  0.040
399  0.150  1.397  0.051
400 -0.150  1.397  0.051
401 -0.150  1.397  0.062
402 -0.150  1.397  0.062
403 -0.150  1.299  0.072
404 -0.150  1.299  0.072
405 -0.150  0.961  0.080
406 -0.150  0.961  0.080
407 -0.150  0.658  0.085
408 -0.150  0.658  0.085
409 -0.150  0.322  0.088
410 -0.150  0.322  0.088
411 -0.150  0.077  0.089
412 -0.150  0.077  0.089
413 -0.150 -0.141  0.087
414 -0.150 -0.141  0.087
415 -0.150 -0.294  0.085
416 -0.150 -0.294  0.085
417 -0.150 -0.461  0.081
418 -0.150 -0.461  0.081
419 -0.150 -0.616  0.076
420 -0.150 -0.616  0.076
421 -0.150 -0.705  0.071
422 -0.150 -0.705  0.071
423 -0.150 -0.763  0.065
424 -0.150 -0.763  0.065
425 -0.150 -0.861  0.058
426 -0.150 -0.861  0.058
427 -0.150 -0.944  0.050
428 -0.150 -0.944  0.050
429 -0.150 -1.005  0.042
430 -0.150 -1.005  0.042
431 -0.150 -1.063  0.034
432 -0.150 -1.063  0.034
433 -0.150 -1.122  0.025
434 -0.150 -1.122  0.025
435 -0.150 -1.172  0.015
436 -0.150 -1.172  0.015
437 -0.150 -1.213  0.006
438 -0.150 -1.213  0.006
439 -0.150 -1.266 -0.004
440 -0.150 -1.266 -0.004
441 -0.150 -1.299 -0.014
442 -0.150 -1.299 -0.014
443 -0.150 -1.333 -0.025
444 -0.150 -1.333 -0.025
445 -0.150 -1.361 -0.036
446 -0.150 -1.361 -0.036
447 -0.150 -1.369 -0.046
448 -0.150 -1.369 -0.046
449 -0.150 -1.369 -0.057
450  0.150 -1.369 -0.057
451  0.150 -1.375 -0.068
452  0.150 -1.375 -0.068
453  0.150 -1.080 -0.077
454  0.150 -1.080 -0.077
455  0.150 -0.758 -0.083
456  0.150 -0.758 -0.083
457  0.150 -0.413 -0.087
458  0.150 -0.413 -0.087
459  0.150 -0.141 -0.088
460  0.150 -0.141 -0.088
461  0.150  0.113 -0.087
462  0.150  0.113 -0.087
463  0.150  0.300 -0.084
464  0.150  0.300 -0.084
465  0.150  0.419 -0.081
466  0.150  0.419 -0.081
467  0.150  0.569 -0.076
468  0.150  0.569 -0.076
469  0.150  0.700 -0.071
470  0.150  0.700 -0.071
471  0.150  0.838 -0.064
472  0.150  0.838 -0.064
473  0.150  0.963 -0.056
474  0.150  0.963 -0.056
475  0.150  1.052 -0.048
476  0.150  1.052 -0.048
477  0.150  1.136 -0.039
478  0.150  1.136 -0.039
479  0.150  1.244 -0.029
480  0.150  1.244 -0.029
481  0.150  1.288 -0.019
482  0.150  1.288 -0.019
483  0.150  1.338 -0.008
484  0.150  1.338 -0.008
485  0.150  1.372  0.002
486  0.150  1.372  0.002
487  0.150  1.397  0.013
488  0.150  1.397  0.013
489  0.150  1.397  0.024
490  0.150  1.397  0.024
491  0.150  1.397  0.036
492  0.150  1.397  0.036
493  0.150  1.397  0.047
494  0.150  1.397  0.047
495  0.150  1.397  0.058
496 -0.150  1.397  0.058
497 -0.150  1.397  0.069
498 -0.150  1.397  0.069
499 -0.150  1.341  0.080
500 -0.150  1.341  0.080
501 -0.150  0.950  0.087
502 -0.150  0.950  0.087
503 -0.150  0.683  0.093
504 -0.150  0.683  0.093
505 -0.150  0.344  0.096
506 -0.150  0.344  0.096
507 -0.150  0.055  0.096
508 -0.150  0.055  0.096
509 -0.150 -0.177  0.095
510 -0.150 -0.177  0.095
511 -0.150 -0.347  0.092
512 -0.150 -0.347  0.092
513 -0.150 -0.483  0.088
514 -0.150 -0.483  0.088
515 -0.150 -0.602  0.083
516 -0.150 -0.602  0.083
517 -0.150 -0.727  0.078
518 -0.150 -0.727  0.078
519 -0.150 -0.805  0.071
520 -0.150 -0.805  0.071
521 -0.150 -0.891  0.064
522 -0.150 -0.891  0.064
523 -0.150 -0.969  0.056
524 -0.150 -0.969  0.056
525 -0.150 -1.041  0.048
526 -0.150 -1.041  0.048
527 -0.150 -1.091  0.039
528 -0.150 -1.091  0.039
529 -0.150 -1.158  0.030
530 -0.150 -1.158  0.030
531 -0.150 -1.197  0.020
532 -0.150 -1.197  0.020
533 -0.150 -1.261  0.0010
534 -0.150 -1.261  0.0010
535 -0.150 -1.286  0.000
536 -0.150 -1.286  0.000
537 -0.150 -1.327 -0.0010
538 -0.150 -1.327 -0.0010
539 -0.150 -1.355 -0.021
540 -0.150 -1.355 -0.021
541 -0.150 -1.369 -0.032
542 -0.150 -1.369 -0.032
543 -0.150 -1.377 -0.043
544 -0.150 -1.377 -0.043
545 -0.150 -1.377 -0.054
546  0.150 -1.377 -0.054
547  0.150 -1.377 -0.065
548  0.150 -1.377 -0.065
549  0.150 -1.133 -0.074
550  0.150 -1.133 -0.074
551  0.150 -0.800 -0.080
552  0.150 -0.800 -0.080
553  0.150 -0.469 -0.084
554  0.150 -0.469 -0.084
555  0.150 -0.155 -0.085
556  0.150 -0.155 -0.085
557  0.150  0.125 -0.084
558  0.150  0.125 -0.084
559  0.150  0.286 -0.082
560  0.150  0.286 -0.082
561  0.150  0.438 -0.078
562  0.150  0.438 -0.078
563  0.150  0.569 -0.074
564  0.150  0.569 -0.074
565  0.150  0.700 -0.068
566  0.150  0.700 -0.068
567  0.150  0.805 -0.062
568  0.150  0.805 -0.062
569  0.150  0.947 -0.054
570  0.150  0.947 -0.054
571  0.150  1.002 -0.046
572  0.150  1.002 -0.046
573  0.150  1.097 -0.037
574  0.150  1.097 -0.037
575  0.150  1.177 -0.028
576  0.150  1.177 -0.028
577  0.150  1.227 -0.018
578  0.150  1.227 -0.018
579  0.150  1.288 -0.008
580  0.150  1.288 -0.008
581  0.150  1.347  0.002
582  0.150  1.347  0.002
583  0.150  1.397  0.013
584  0.150  1.397  0.013
585  0.150  1.397  0.024
586  0.150  1.397  0.024
587  0.150  1.397  0.035
588  0.150  1.397  0.035
589  0.150  1.397  0.047
590  0.150  1.397  0.047
591  0.150  1.397  0.058
592 -0.150  1.397  0.058
593 -0.150  1.397  0.069
594 -0.150  1.397  0.069
595 -0.150  1.341  0.080
596 -0.150  1.341  0.080
597 -0.150  0.972  0.088
598 -0.150  0.972  0.088
599 -0.150  0.641  0.093
600 -0.150  0.641  0.093
601 -0.150  0.361  0.096
602 -0.150  0.361  0.096
603 -0.150  0.052  0.096
604 -0.150  0.052  0.096
605 -0.150 -0.155  0.095
606 -0.150 -0.155  0.095
607 -0.150 -0.355  0.092
608 -0.150 -0.355  0.092
609 -0.150 -0.491  0.088
610 -0.150 -0.491  0.088
611 -0.150 -0.594  0.083
612 -0.150 -0.594  0.083
613 -0.150 -0.680  0.078
614 -0.150 -0.680  0.078
615 -0.150 -0.794  0.071
616 -0.150 -0.794  0.071
617 -0.150 -0.894  0.064
618 -0.150 -0.894  0.064
619 -0.150 -0.969  0.056
620 -0.150 -0.969  0.056
621 -0.150 -1.027  0.048
622 -0.150 -1.027  0.048
623 -0.150 -1.105  0.039
624 -0.150 -1.105  0.039
625 -0.150 -1.152  0.030
626 -0.150 -1.152  0.030
627 -0.150 -1.188  0.021
628 -0.150 -1.188  0.021
629 -0.150 -1.233  0.011
630 -0.150 -1.233  0.011
631 -0.150 -1.294  0.001
632 -0.150 -1.294  0.001
633 -0.150 -1.308 -0.009
634 -0.150 -1.308 -0.009
635 -0.150 -1.336 -0.020
636 -0.150 -1.336 -0.020
637 -0.150 -1.375 -0.031
638 -0.150 -1.375 -0.031
639 -0.150 -1.375 -0.042
640 -0.150 -1.375 -0.042
641 -0.150 -1.377 -0.053
642  0.150 -1.377 -0.053
643  0.150 -1.377 -0.064
644  0.150 -1.377 -0.064
645  0.150 -1.077 -0.072
646  0.150 -1.077 -0.072
647  0.150 -0.755 -0.078
648  0.150 -0.755 -0.078
649  0.150 -0.455 -0.082
650  0.150 -0.455 -0.082
651  0.150 -0.130 -0.083
652  0.150 -0.130 -0.083
653  0.150  0.133 -0.082
654  0.150  0.133 -0.082
655  0.150  0.336 -0.079
656  0.150  0.336 -0.079
657  0.150  0.463 -0.076
658  0.150  0.463 -0.076
659  0.150  0.594 -0.071
660  0.150  0.594 -0.071
661  0.150  0.716 -0.065
662  0.150  0.716 -0.065
663  0.150  0.816 -0.059
664  0.150  0.816 -0.059
665  0.150  0.927 -0.051
666  0.150  0.927 -0.051
667  0.150  1.016 -0.043
668  0.150  1.016 -0.043
669  0.150  1.091 -0.034
670  0.150  1.091 -0.034
671  0.150  1.169 -0.025
672  0.150  1.169 -0.025
673  0.150  1.252 -0.015
674  0.150  1.252 -0.015
675  0.150  1.305 -0.004
676  0.150  1.305 -0.004
677  0.150  1.358  0.005
678  0.150  1.358  0.005
679  0.150  1.397  0.017
680  0.150  1.397  0.017
681  0.150  1.397  0.028
682  0.150  1.397  0.028
683  0.150  1.397  0.039
684  0.150  1.397  0.039
685  0.150  1.397  0.050
686 -0.150  1.397  0.050
687 -0.150  1.397  0.061
688 -0.150  1.397  0.061
689 -0.150  1.230  0.071
690 -0.150  1.230  0.071
691 -0.150  0.947  0.079
692 -0.150  0.947  0.079
693 -0.150  0.638  0.084
694 -0.150  0.638  0.084
695 -0.150  0.372  0.087
696 -0.150  0.372  0.087
697 -0.150  0.125  0.088
698 -0.150  0.125  0.088
699 -0.150 -0.091  0.087
700 -0.150 -0.091  0.087
701 -0.150 -0.263  0.085
702 -0.150 -0.263  0.085
703 -0.150 -0.391  0.082
704 -0.150 -0.391  0.082
705 -0.150 -0.527  0.078
706 -0.150 -0.527  0.078
707 -0.150 -0.644  0.072
708 -0.150 -0.644  0.072
709 -0.150 -0.744  0.066
710 -0.150 -0.744  0.066
711 -0.150 -0.838  0.060
712 -0.150 -0.838  0.060
713 -0.150 -0.922  0.052
714 -0.150 -0.922  0.052
715 -0.150 -0.988  0.044
716 -0.150 -0.988  0.044
717 -0.150 -1.058  0.036
718 -0.150 -1.058  0.036
719 -0.150 -1.127  0.027
720 -0.150 -1.127  0.027
721 -0.150 -1.183  0.018
722 -0.150 -1.183  0.018
723 -0.150 -1.222  0.008
724 -0.150 -1.222  0.008
725 -0.150 -1.266 -0.001
726 -0.150 -1.266 -0.001
727 -0.150 -1.288 -0.012
728 -0.150 -1.288 -0.012
729 -0.150 -1.350 -0.023
730 -0.150 -1.350 -0.023
731 -0.150 -1.361 -0.033
732 -0.150 -1.361 -0.033
733 -0.150 -1.372 -0.044
734 -0.150 -1.372 -0.044
735 -0.150 -1.377 -0.055
736  0.150 -1.377 -0.055
737  0.150 -1.377 -0.066
738  0.150 -1.377 -0.066
739  0.150 -1.063 -0.075
740  0.150 -1.063 -0.075
741  0.150 -0.697 -0.081
742  0.150 -0.697 -0.081
743  0.150 -0.402 -0.084
744  0.150 -0.402 -0.084
745  0.150 -0.122 -0.085
746  0.150 -0.122 -0.085
747  0.150  0.144 -0.084
748  0.150  0.144 -0.084
749  0.150  0.333 -0.081
750  0.150  0.333 -0.081
751  0.150  0.494 -0.077
752  0.150  0.494 -0.077
753  0.150  0.630 -0.072
754  0.150  0.630 -0.072
755  0.150  0.747 -0.066
756  0.150  0.747 -0.066
757  0.150  0.855 -0.059
758  0.150  0.855 -0.059
759  0.150  0.969 -0.051
760  0.150  0.969 -0.051
761  0.150  1.038 -0.043
762  0.150  1.038 -0.043
763  0.150  1.122 -0.034
764  0.150  1.122 -0.034
765  0.150  1.216 -0.024
766  0.150  1.216 -0.024
767  0.150  1.286 -0.014
768  0.150  1.286 -0.014
769  0.150  1.330 -0.003
770  0.150  1.330 -0.003
771  0.150  1.397  0.007
772  0.150  1.397  0.007
773  0.150  1.397  0.018
774  0.150  1.397  0.018
775  0.150  1.397  0.029
776  0.150  1.397  0.029
777  0.150  1.397  0.040
778  0.150  1.397  0.040
779  0.150  1.397  0.052
780 -0.150  1.397  0.052
781 -0.150  1.397  0.063
782 -0.150  1.397  0.063
783 -0.150  1.294  0.073
784 -0.150  1.294  0.073
785 -0.150  0.961  0.081
786 -0.150  0.961  0.081
787 -0.150  0.727  0.087
788 -0.150  0.727  0.087
789 -0.150  0.422  0.090
790 -0.150  0.422  0.090
791 -0.150  0.161  0.091
792 -0.150  0.161  0.091
793 -0.150 -0.058  0.091
794 -0.150 -0.058  0.091
795 -0.150 -0.250  0.089
796 -0.150 -0.250  0.089
797 -0.150 -0.386  0.086
798 -0.150 -0.386  0.086
799 -0.150 -0.522  0.082
800 -0.150 -0.522  0.082
801 -0.150 -0.644  0.076
802 -0.150 -0.644  0.076
803 -0.150 -0.738  0.071
804 -0.150 -0.738  0.071
805 -0.150 -0.847  0.064
806 -0.150 -0.847  0.064
807 -0.150 -0.919  0.056
808 -0.150 -0.919  0.056
809 -0.150 -0.991  0.048
810 -0.150 -0.991  0.048
811 -0.150 -1.063  0.040
812 -0.150 -1.063  0.040
813 -0.150 -1.144  0.031
814 -0.150 -1.144  0.031
815 -0.150 -1.186  0.021
816 -0.150 -1.186  0.021
817 -0.150 -1.244  0.011
818 -0.150 -1.244  0.011
819 -0.150 -1.286  0.001
820 -0.150 -1.286  0.001
821 -0.150 -1.299 -0.008
822 -0.150 -1.299 -0.008
823 -0.150 -1.341 -0.019
824 -0.150 -1.341 -0.019
825 -0.150 -1.372 -0.030
826 -0.150 -1.372 -0.030
827 -0.150 -1.375 -0.041
828 -0.150 -1.375 -0.041
829 -0.150 -1.377 -0.052
830  0.150 -1.377 -0.052
831  0.150 -1.375 -0.063
832  0.150 -1.375 -0.063
833  0.150 -1.072 -0.072
834  0.150 -1.072 -0.072
835  0.150 -0.747 -0.078
836  0.150 -0.747 -0.078
837  0.150 -0.433 -0.081
838  0.150 -0.433 -0.081
839  0.150 -0.144 -0.082
840  0.150 -0.144 -0.082
841  0.150  0.130 -0.081
842  0.150  0.130 -0.081
843  0.150  0.344 -0.078
844  0.150  0.344 -0.078
845  0.150  0.516 -0.074
846  0.150  0.516 -0.074
847  0.150  0.630 -0.069
848  0.150  0.630 -0.069
849  0.150  0.750 -0.063
850  0.150  0.750 -0.063
851  0.150  0.855 -0.056
852  0.150  0.855 -0.056
853  0.150  0.972 -0.049
854  0.150  0.972 -0.049
855  0.150  1.033 -0.040
856  0.150  1.033 -0.040
857  0.150  1.127 -0.031
858  0.150  1.127 -0.031
859  0.150  1.208 -0.022
860  0.150  1.208 -0.022
861  0.150  1.263 -0.012
862  0.150  1.263 -0.012
863  0.150  1.333 -0.001
864  0.150  1.333 -0.001
865  0.150  1.391  0.009
866  0.150  1.391  0.009
867  0.150  1.397  0.020
868  0.150  1.397  0.020
869  0.150  1.397  0.032
870  0.150  1.397  0.032
871  0.150  1.397  0.043
872  0.150  1.397  0.043
873  0.150  1.397  0.054
874 -0.150  1.397  0.054
875 -0.150  1.397  0.065
876 -0.150  1.397  0.065
877 -0.150  1.236  0.075
878 -0.150  1.236  0.075
879 -0.150  1.008  0.083
880 -0.150  1.008  0.083
881 -0.150  0.688  0.089
882 -0.150  0.688  0.089
883 -0.150  0.416  0.092
884 -0.150  0.416  0.092
885 -0.150  0.155  0.093
886 -0.150  0.155  0.093
887 -0.150 -0.066  0.093
888 -0.150 -0.066  0.093
889 -0.150 -0.238  0.091
890 -0.150 -0.238  0.091
891 -0.150 -0.400  0.088
892 -0.150 -0.400  0.088
893 -0.150 -0.525  0.083
894 -0.150 -0.525  0.083
895 -0.150 -0.677  0.078
896 -0.150 -0.677  0.078
897 -0.150 -0.766  0.072
898 -0.150 -0.766  0.072
899 -0.150 -0.847  0.065
900 -0.150 -0.847  0.065
901 -0.150 -0.938  0.058
902 -0.150 -0.938  0.058
903 -0.150 -1.027  0.049
904 -0.150 -1.027  0.049
905 -0.150 -1.069  0.041
906 -0.150 -1.069  0.041
907 -0.150 -1.147  0.032
908 -0.150 -1.147  0.032
909 -0.150 -1.216  0.022
910 -0.150 -1.216  0.022
911 -0.150 -1.250  0.012
912 -0.150 -1.250  0.012
913 -0.150 -1.291  0.002
914 -0.150 -1.291  0.002
915 -0.150 -1.327 -0.008
916 -0.150 -1.327 -0.008
917 -0.150 -1.347 -0.019
918 -0.150 -1.347 -0.019
919 -0.150 -1.377 -0.030
920 -0.150 -1.377 -0.030
921 -0.150 -1.377 -0.041
922 -0.150 -1.377 -0.041
923 -0.150 -1.377 -0.052
924  0.150 -1.377 -0.052
925  0.150 -1.377 -0.063
926  0.150 -1.377 -0.063
927  0.150 -1.130 -0.072
928  0.150 -1.130 -0.072
929  0.150 -0.772 -0.078
930  0.150 -0.772 -0.078
931  0.150 -0.441 -0.082
932  0.150 -0.441 -0.082
933  0.150 -0.169 -0.083
934  0.150 -0.169 -0.083
935  0.150  0.127 -0.082
936  0.150  0.127 -0.082
937  0.150  0.313 -0.080
938  0.150  0.313 -0.080
939  0.150  0.466 -0.076
940  0.150  0.466 -0.076
941  0.150  0.588 -0.071
942  0.150  0.588 -0.071
943  0.150  0.733 -0.065
944  0.150  0.733 -0.065
945  0.150  0.822 -0.059
946  0.150  0.822 -0.059
947  0.150  0.950 -0.051
948  0.150  0.950 -0.051
949  0.150  1.022 -0.043
950  0.150  1.022 -0.043
951  0.150  1.122 -0.034
952  0.150  1.122 -0.034
953  0.150  1.200 -0.024
954  0.150  1.200 -0.024
955  0.150  1.255 -0.014
956  0.150  1.255 -0.014
957  0.150  1.327 -0.004
958  0.150  1.327 -0.004
959  0.150  1.388  0.006
960  0.150  1.388  0.006
961  0.150  1.397  0.018
962  0.150  1.397  0.018
963  0.150  1.397  0.029
964  0.150  1.397  0.029
965  0.150  1.397  0.040
966  0.150  1.397  0.040
967  0.150  1.397  0.051
968 -0.150  1.397  0.051
969 -0.150  1.397  0.062
970 -0.150  1.397  0.062
971 -0.150  1.294  0.073
972 -0.150  1.294  0.073
973 -0.150  1.036  0.081
974 -0.150  1.036  0.081
975 -0.150  0.783  0.087
976 -0.150  0.783  0.087
977 -0.150  0.508  0.091
978 -0.150  0.508  0.091
979 -0.150  0.266  0.093
980 -0.150  0.266  0.093
981 -0.150  0.033  0.094
982 -0.150  0.033  0.094
983 -0.150 -0.138  0.093
984 -0.150 -0.138  0.093
985 -0.150 -0.291  0.090
986 -0.150 -0.291  0.090
987 -0.150 -0.433  0.087
988 -0.150 -0.433  0.087
989 -0.150 -0.600  0.082
990 -0.150 -0.600  0.082
991 -0.150 -0.705  0.076
992 -0.150 -0.705  0.076
993 -0.150 -0.816  0.070
994 -0.150 -0.816  0.070
995 -0.150 -0.888  0.063
996 -0.150 -0.888  0.063
997 -0.150 -0.994  0.055
998 -0.150 -0.994  0.055
999 -0.150 -1.052  0.046