0  0.150  0.000  0.013
1  0.150  0.000  0.013
2  0.150  0.000  0.013
3  0.150  0.183  0.014
4  0.150  0.183  0.014
5  0.150  0.322  0.017
6  0.150  0.322  0.017
7  0.150  0.408  0.020
8  0.150  0.408  0.020
9  0.150  0.505  0.024
10  0.150  0.505  0.024
11  0.150  0.594  0.029
12  0.150  0.594  0.029
13  0.150  0.677  0.034
14  0.150  0.677  0.034
15  0.150  0.794  0.041
16  0.150  0.794  0.041
17  0.150  0.883  0.048
18  0.150  0.883  0.048
19  0.150  0.947  0.055
20 -0.150  0.947  0.055
21 -0.150  0.991  0.063
22 -0.150  0.991  0.063
23 -0.150  0.655  0.068
24 -0.150  0.655  0.068
25 -0.150  0.363  0.071
26 -0.150  0.363  0.071
27 -0.150  0.091  0.072
28 -0.150  0.091  0.072
29 -0.150 -0.125  0.071
30 -0.150 -0.125  0.071
31 -0.150 -0.275  0.069
32 -0.150 -0.275  0.069
33 -0.150 -0.408  0.066
34 -0.150 -0.408  0.066
35 -0.150 -0.550  0.061
36 -0.150 -0.550  0.061
37 -0.150 -0.666  0.056
38 -0.150 -0.666  0.056
39 -0.150 -0.797  0.050
40 -0.150 -0.797  0.050
41 -0.150 -0.900  0.042
42 -0.150 -0.900  0.042
43 -0.150 -0.961  0.035
44 -0.150 -0.961  0.035
45 -0.150 -1.044  0.026
46 -0.150 -1.044  0.026
47 -0.150 -1.136  0.017
48 -0.150 -1.136  0.017
49 -0.150 -1.174  0.008
50 -0.150 -1.174  0.008
51 -0.150 -1.236 -0.001
52 -0.150 -1.236 -0.001
53 -0.150 -1.297 -0.011
54 -0.150 -1.297 -0.011
55 -0.150 -1.313 -0.022
56 -0.150 -1.313 -0.022
57 -0.150 -1.375 -0.033
58 -0.150 -1.375 -0.033
59 -0.150 -1.377 -0.044
60 -0.150 -1.377 -0.044
61 -0.150 -1.377 -0.055
62  0.150 -1.377 -0.055
63  0.150 -1.377 -0.066
64  0.150 -1.377 -0.066
65  0.150 -1.102 -0.075
66  0.150 -1.102 -0.075
67  0.150 -0.780 -0.081
68  0.150 -0.780 -0.081
69  0.150 -0.488 -0.085
70  0.150 -0.488 -0.085
71  0.150 -0.191 -0.087
72  0.150 -0.191 -0.087
73  0.150  0.061 -0.086
74  0.150  0.061 -0.086
75  0.150  0.263 -0.084
76  0.150  0.263 -0.084
77  0.150  0.416 -0.081
78  0.150  0.416 -0.081
79  0.150  0.533 -0.076
80  0.150  0.533 -0.076
81  0.150  0.655 -0.071
82  0.150  0.655 -0.071
83  0.150  0.777 -0.065
84  0.150  0.777 -0.065
85  0.150  0.875 -0.058
86  0.150  0.875 -0.058
87  0.150  0.950 -0.050
88  0.150  0.950 -0.050
89  0.150  1.036 -0.042
90  0.150  1.036 -0.042
91  0.150  1.125 -0.033
92  0.150  1.125 -0.033
93  0.150  1.186 -0.023
94  0.150  1.186 -0.023
95  0.150  1.244 -0.014
96  0.150  1.244 -0.014
97  0.150  1.313 -0.003
98  0.150  1.313 -0.003
99  0.150  1.341  0.007
100  0.150  1.341  0.007
101  0.150  1.388  0.018
102  0.150  1.388  0.018
103  0.150  1.397  0.029
104  0.150  1.397  0.029
105  0.150  1.397  0.040
106  0.150  1.397  0.040
107  0.150  1.397  0.051
108 -0.150  1.397  0.051
109 -0.150  1.397  0.063
110 -0.150  1.397  0.063
111 -0.150  1.105  0.071
112 -0.150  1.105  0.071
113 -0.150  0.822  0.078
114 -0.150  0.822  0.078
115 -0.150  0.480  0.082
116 -0.150  0.480  0.082
117 -0.150  0.205  0.083
118 -0.150  0.205  0.083
119 -0.150 -0.041  0.083
120 -0.150 -0.041  0.083
121 -0.150 -0.272  0.081
122 -0.150 -0.272  0.081
123 -0.150 -0.444  0.077
124 -0.150 -0.444  0.077
125 -0.150 -0.561  0.073
126 -0.150 -0.561  0.073
127 -0.150 -0.675  0.068
128 -0.150 -0.675  0.068
129 -0.150 -0.788  0.061
130 -0.150 -0.788  0.061
131 -0.150 -0.900  0.054
132 -0.150 -0.900  0.054
133 -0.150 -0.986  0.046
134 -0.150 -0.986  0.046
135 -0.150 -1.058  0.038
136 -0.150 -1.058  0.038
137 -0.150 -1.113  0.029
138 -0.150 -1.113  0.029
139 -0.150 -1.194  0.019
140 -0.150 -1.194  0.019
141 -0.150 -1.258  0.009
142 -0.150 -1.258  0.009
143 -0.150 -1.316 -0.000
144 -0.150 -1.316 -0.000
145 -0.150 -1.352 -0.011
146 -0.150 -1.352 -0.011
147 -0.150 -1.377 -0.022
148 -0.150 -1.377 -0.022
149 -0.150 -1.377 -0.033
150 -0.150 -1.377 -0.033
151 -0.150 -1.377 -0.044
152 -0.150 -1.377 -0.044
153 -0.150 -1.377 -0.055
154  0.150 -1.377 -0.055
155  0.150 -1.377 -0.066
156  0.150 -1.377 -0.066
157  0.150 -1.177 -0.076
158  0.150 -1.177 -0.076
159  0.150 -0.872 -0.083
160  0.150 -0.872 -0.083
161  0.150 -0.538 -0.087
162  0.150 -0.538 -0.087
163  0.150 -0.272 -0.089
164  0.150 -0.272 -0.089
165  0.150 -0.011 -0.089
166  0.150 -0.011 -0.089
167  0.150  0.183 -0.088
168  0.150  0.183 -0.088
169  0.150  0.380 -0.085
170  0.150  0.380 -0.085
171  0.150  0.519 -0.081
172  0.150  0.519 -0.081
173  0.150  0.644 -0.076
174  0.150  0.644 -0.076
175  0.150  0.761 -0.070
176  0.150  0.761 -0.070
177  0.150  0.852 -0.063
178  0.150  0.852 -0.063
179  0.150  0.955 -0.055
180  0.150  0.955 -0.055
181  0.150  1.027 -0.047
182  0.150  1.027 -0.047
183  0.150  1.116 -0.038
184  0.150  1.116 -0.038
185  0.150  1.161 -0.029
186  0.150  1.161 -0.029
187  0.150  1.247 -0.019
188  0.150  1.247 -0.019
189  0.150  1.294 -0.008
190  0.150  1.294 -0.008
191  0.150  1.344  0.001
192  0.150  1.344  0.001
193  0.150  1.397  0.013
194  0.150  1.397  0.013
195  0.150  1.397  0.024
196  0.150  1.397  0.024
197  0.150  1.397  0.035
198  0.150  1.397  0.035
199  0.150  1.397  0.046
200  0.150  1.397  0.046
201  0.150  1.397  0.057
202 -0.150  1.397  0.057
203 -0.150  1.397  0.069
204 -0.150  1.397  0.069
205 -0.150  1.266  0.079
206 -0.150  1.266  0.079
207 -0.150  0.841  0.085
208 -0.150  0.841  0.085
209 -0.150  0.527  0.090
210 -0.150  0.527  0.090
211 -0.150  0.263  0.092
212 -0.150  0.263  0.092
213 -0.150 -0.025  0.092
214 -0.150 -0.025  0.092
215 -0.150 -0.213  0.090
216 -0.150 -0.213  0.090
217 -0.150 -0.413  0.087
218 -0.150 -0.413  0.087
219 -0.150 -0.544  0.082
220 -0.150 -0.544  0.082
221 -0.150 -0.705  0.077
222 -0.150 -0.705  0.077
223 -0.150 -0.805  0.070
224 -0.150 -0.805  0.070
225 -0.150 -0.908  0.063
226 -0.150 -0.908  0.063
227 -0.150 -1.002  0.055
228 -0.150 -1.002  0.055
229 -0.150 -1.088  0.046
230 -0.150 -1.088  0.046
231 -0.150 -1.144  0.037
232 -0.150 -1.144  0.037
233 -0.150 -1.213  0.027
234 -0.150 -1.213  0.027
235 -0.150 -1.280  0.017
236 -0.150 -1.280  0.017
237 -0.150 -1.347  0.006
238 -0.150 -1.347  0.006
239 -0.150 -1.377 -0.004
240 -0.150 -1.377 -0.004
241 -0.150 -1.377 -0.015
242 -0.150 -1.377 -0.015
243 -0.150 -1.377 -0.026
244 -0.150 -1.377 -0.026
245 -0.150 -1.377 -0.037
246 -0.150 -1.377 -0.037
247 -0.150 -1.377 -0.048
248 -0.150 -1.377 -0.048
249 -0.150 -1.377 -0.059
250  0.150 -1.377 -0.059
251  0.150 -1.377 -0.070
252  0.150 -1.377 -0.070
253  0.150 -1.286 -0.080
254  0.150 -1.286 -0.080
255  0.150 -0.958 -0.088
256  0.150 -0.958 -0.088
257  0.150 -0.622 -0.093
258  0.150 -0.622 -0.093
259  0.150 -0.350 -0.096
260  0.150 -0.350 -0.096
261  0.150 -0.052 -0.096
262  0.150 -0.052 -0.096
263  0.150  0.161 -0.095
264  0.150  0.161 -0.095
265  0.150  0.344 -0.092
266  0.150  0.344 -0.092
267  0.150  0.477 -0.088
268  0.150  0.477 -0.088
269  0.150  0.605 -0.083
270  0.150  0.605 -0.083
271  0.150  0.730 -0.078
272  0.150  0.730 -0.078
273  0.150  0.830 -0.071
274  0.150  0.830 -0.071
275  0.150  0.925 -0.064
276  0.150  0.925 -0.064
277  0.150  1.008 -0.055
278  0.150  1.008 -0.055
279  0.150  1.097 -0.047
280  0.150  1.097 -0.047
281  0.150  1.158 -0.037
282  0.150  1.158 -0.037
283  0.150  1.225 -0.028
284  0.150  1.225 -0.028
285  0.150  1.299 -0.017
286  0.150  1.299 -0.017
287  0.150  1.330 -0.007
288  0.150  1.330 -0.007
289  0.150  1.383  0.004
290  0.150  1.383  0.004
291  0.150  1.397  0.015
292  0.150  1.397  0.015
293  0.150  1.397  0.026
294  0.150  1.397  0.026
295  0.150  1.397  0.037
296  0.150  1.397  0.037
297  0.150  1.397  0.048
298  0.150  1.397  0.048
299  0.150  1.397  0.059
300 -0.150  1.397  0.059
301 -0.150  1.397  0.071
302 -0.150  1.397  0.071
303 -0.150  1.138  0.080
304 -0.150  1.138  0.080
305 -0.150  0.780  0.086
306 -0.150  0.780  0.086
307 -0.150  0.497  0.090
308 -0.150  0.497  0.090
309 -0.150  0.219  0.092
310 -0.150  0.219  0.092
311 -0.150 -0.033  0.091
312 -0.150 -0.033  0.091
313 -0.150 -0.236  0.090
314 -0.150 -0.236  0.090
315 -0.150 -0.402  0.086
316 -0.150 -0.402  0.086
317 -0.150 -0.533  0.082
318 -0.150 -0.533  0.082
319 -0.150 -0.677  0.077
320 -0.150 -0.677  0.077
321 -0.150 -0.797  0.070
322 -0.150 -0.797  0.070
323 -0.150 -0.916  0.063
324 -0.150 -0.916  0.063
325 -0.150 -1.024  0.055
326 -0.150 -1.024  0.055
327 -0.150 -1.102  0.046
328 -0.150 -1.102  0.046
329 -0.150 -1.180  0.036
330 -0.150 -1.180  0.036
331 -0.150 -1.244  0.026
332 -0.150 -1.244  0.026
333 -0.150 -1.302  0.016
334 -0.150 -1.302  0.016
335 -0.150 -1.366  0.005
336 -0.150 -1.366  0.005
337 -0.150 -1.377 -0.005
338 -0.150 -1.377 -0.005
339 -0.150 -1.377 -0.016
340 -0.150 -1.377 -0.016
341 -0.150 -1.377 -0.027
342 -0.150 -1.377 -0.027
343 -0.150 -1.377 -0.038
344 -0.150 -1.377 -0.038
345 -0.150 -1.377 -0.049
346 -0.150 -1.377 -0.049
347 -0.150 -1.377 -0.060
348  0.150 -1.377 -0.060
349  0.150 -1.377 -0.071
350  0.150 -1.377 -0.071
351  0.150 -1.219 -0.081
352  0.150 -1.219 -0.081
353  0.150 -0.863 -0.088
354  0.150 -0.863 -0.088
355  0.150 -0.566 -0.092
356  0.150 -0.566 -0.092
357  0.150 -0.280 -0.094
358  0.150 -0.280 -0.094
359  0.150 -0.016 -0.095
360  0.150 -0.016 -0.095
361  0.150  0.208 -0.093
362  0.150  0.208 -0.093
363  0.150  0.377 -0.090
364  0.150  0.377 -0.090
365  0.150  0.527 -0.086
366  0.150  0.527 -0.086
367  0.150  0.644 -0.081
368  0.150  0.644 -0.081
369  0.150  0.763 -0.074
370  0.150  0.763 -0.074
371  0.150  0.850 -0.068
372  0.150  0.850 -0.068
373  0.150  0.963 -0.060
374  0.150  0.963 -0.060
375  0.150  1.036 -0.052
376  0.150  1.036 -0.052
377  0.150  1.111 -0.043
378  0.150  1.111 -0.043
379  0.150  1.183 -0.033
380  0.150  1.183 -0.033
381  0.150  1.258 -0.023
382  0.150  1.258 -0.023
383  0.150  1.294 -0.013
384  0.150  1.294 -0.013
385  0.150  1.347 -0.002
386  0.150  1.347 -0.002
387  0.150  1.397  0.008
388  0.150  1.397  0.008
389  0.150  1.397  0.019
390  0.150  1.397  0.019
391  0.150  1.397  0.030
392  0.150  1.397  0.030
393  0.150  1.397  0.042
394  0.150  1.397  0.042
395  0.150  1.397  0.053
396 -0.150  1.397  0.053
397 -0.150  1.397  0.064
398 -0.150  1.397  0.064
399 -0.150  1.236  0.074
400 -0.150  1.236  0.074
401 -0.150  0.805  0.080
402 -0.150  0.805  0.080
403 -0.150  0.508  0.085
404 -0.150  0.508  0.085
405 -0.150  0.225  0.086
406 -0.150  0.225  0.086
407 -0.150 -0.052  0.086
408 -0.150 -0.052  0.086
409 -0.150 -0.252  0.084
410 -0.150 -0.252  0.084
411 -0.150 -0.458  0.080
412 -0.150 -0.458  0.080
413 -0.150 -0.600  0.075
414 -0.150 -0.600  0.075
415 -0.150 -0.744  0.069
416 -0.150 -0.744  0.069
417 -0.150 -0.858  0.063
418 -0.150 -0.858  0.063
419 -0.150 -0.952  0.055
420 -0.150 -0.952  0.055
421 -0.150 -1.052  0.047
422 -0.150 -1.052  0.047
423 -0.150 -1.130  0.037
424 -0.150 -1.130  0.037
425 -0.150 -1.177  0.028
426 -0.150 -1.177  0.028
427 -0.150 -1.255  0.018
428 -0.150 -1.255  0.018
429 -0.150 -1.311  0.008
430 -0.150 -1.311  0.008
431 -0.150 -1.372 -0.002
432 -0.150 -1.372 -0.002
433 -0.150 -1.377 -0.013
434 -0.150 -1.377 -0.013
435 -0.150 -1.377 -0.024
436 -0.150 -1.377 -0.024
437 -0.150 -1.377 -0.036
438 -0.150 -1.377 -0.036
439 -0.150 -1.377 -0.047
440 -0.150 -1.377 -0.047
441 -0.150 -1.377 -0.058
442  0.150 -1.377 -0.058
443  0.150 -1.377 -0.069
444  0.150 -1.377 -0.069
445  0.150 -1.211 -0.078
446  0.150 -1.211 -0.078
447  0.150 -0.888 -0.085
448  0.150 -0.888 -0.085
449  0.150 -0.572 -0.090
450  0.150 -0.572 -0.090
451  0.150 -0.280 -0.092
452  0.150 -0.280 -0.092
453  0.150  0.000 -0.092
454  0.150  0.000 -0.092
455  0.150  0.225 -0.091
456  0.150  0.225 -0.091
457  0.150  0.388 -0.087
458  0.150  0.388 -0.087
459  0.150  0.533 -0.083
460  0.150  0.533 -0.083
461  0.150  0.644 -0.078
462  0.150  0.644 -0.078
463  0.150  0.750 -0.072
464  0.150  0.750 -0.072
465  0.150  0.838 -0.065
466  0.150  0.838 -0.065
467  0.150  0.947 -0.058
468  0.150  0.947 -0.058
469  0.150  1.036 -0.049
470  0.150  1.036 -0.049
471  0.150  1.088 -0.041
472  0.150  1.088 -0.041
473  0.150  1.177 -0.031
474  0.150  1.177 -0.031
475  0.150  1.233 -0.021
476  0.150  1.233 -0.021
477  0.150  1.277 -0.011
478  0.150  1.277 -0.011
479  0.150  1.350 -0.000
480  0.150  1.350 -0.000
481  0.150  1.372  0.0010
482  0.150  1.372  0.0010
483  0.150  1.397  0.021
484  0.150  1.397  0.021
485  0.150  1.397  0.032
486  0.150  1.397  0.032
487  0.150  1.397  0.043
488  0.150  1.397  0.043
489  0.150  1.397  0.054
490 -0.150  1.397  0.054
491 -0.150  1.397  0.065
492 -0.150  1.397  0.065
493 -0.150  1.133  0.075
494 -0.150  1.133  0.075
495 -0.150  0.769  0.081
496 -0.150  0.769  0.081
497 -0.150  0.461  0.084
498 -0.150  0.461  0.084
499 -0.150  0.166  0.086
500 -0.150  0.166  0.086
501 -0.150 -0.097  0.085
502 -0.150 -0.097  0.085
503 -0.150 -0.302  0.083
504 -0.150 -0.302  0.083
505 -0.150 -0.475  0.079
506 -0.150 -0.475  0.079
507 -0.150 -0.633  0.074
508 -0.150 -0.633  0.074
509 -0.150 -0.763  0.068
510 -0.150 -0.763  0.068
511 -0.150 -0.858  0.061
512 -0.150 -0.858  0.061
513 -0.150 -0.975  0.053
514 -0.150 -0.975  0.053
515 -0.150 -1.066  0.044
516 -0.150 -1.066  0.044
517 -0.150 -1.147  0.035
518 -0.150 -1.147  0.035
519 -0.150 -1.200  0.026
520 -0.150 -1.200  0.026
521 -0.150 -1.274  0.015
522 -0.150 -1.274  0.015
523 -0.150 -1.316  0.005
524 -0.150 -1.316  0.005
525 -0.150 -1.375 -0.005
526 -0.150 -1.375 -0.005
527 -0.150 -1.377 -0.016
528 -0.150 -1.377 -0.016
529 -0.150 -1.377 -0.027
530 -0.150 -1.377 -0.027
531 -0.150 -1.377 -0.038
532 -0.150 -1.377 -0.038
533 -0.150 -1.377 -0.049
534 -0.150 -1.377 -0.049
535 -0.150 -1.377 -0.060
536  0.150 -1.377 -0.060
537  0.150 -1.377 -0.071
538  0.150 -1.377 -0.071
539  0.150 -1.272 -0.081
540  0.150 -1.272 -0.081
541  0.150 -0.975 -0.089
542  0.150 -0.975 -0.089
543  0.150 -0.644 -0.094
544  0.150 -0.644 -0.094
545  0.150 -0.363 -0.097
546  0.150 -0.363 -0.097
547  0.150 -0.077 -0.098
548  0.150 -0.077 -0.098
549  0.150  0.152 -0.097
550  0.150  0.152 -0.097
551  0.150  0.322 -0.094
552  0.150  0.322 -0.094
553  0.150  0.444 -0.091
554  0.150  0.444 -0.091
555  0.150  0.591 -0.086
556  0.150  0.591 -0.086
557  0.150  0.713 -0.080
558  0.150  0.713 -0.080
559  0.150  0.819 -0.074
560  0.150  0.819 -0.074
561  0.150  0.911 -0.066
562  0.150  0.911 -0.066
563  0.150  0.986 -0.058
564  0.150  0.986 -0.058
565  0.150  1.075 -0.050
566  0.150  1.075 -0.050
567  0.150  1.155 -0.041
568  0.150  1.155 -0.041
569  0.150  1.197 -0.031
570  0.150  1.197 -0.031
571  0.150  1.274 -0.021
572  0.150  1.274 -0.021
573  0.150  1.316 -0.0010
574  0.150  1.316 -0.0010
575  0.150  1.366  0.000
576  0.150  1.366  0.000
577  0.150  1.397  0.011
578  0.150  1.397  0.011
579  0.150  1.397  0.022
580  0.150  1.397  0.022
581  0.150  1.397  0.033
582  0.150  1.397  0.033
583  0.150  1.397  0.044
584  0.150  1.397  0.044
585  0.150  1.397  0.056
586 -0.150  1.397  0.056
587 -0.150  1.397  0.067
588 -0.150  1.397  0.067
589 -0.150  1.166  0.076
590 -0.150  1.166  0.076
591 -0.150  0.769  0.082
592 -0.150  0.769  0.082
593 -0.150  0.466  0.086
594 -0.150  0.466  0.086
595 -0.150  0.169  0.087
596 -0.150  0.169  0.087
597 -0.150 -0.066  0.087
598 -0.150 -0.066  0.087
599 -0.150 -0.258  0.085
600 -0.150 -0.258  0.085
601 -0.150 -0.430  0.081
602 -0.150 -0.430  0.081
603 -0.150 -0.575  0.077
604 -0.150 -0.575  0.077
605 -0.150 -0.741  0.071
606 -0.150 -0.741  0.071
607 -0.150 -0.877  0.064
608 -0.150 -0.877  0.064
609 -0.150 -0.958  0.056
610 -0.150 -0.958  0.056
611 -0.150 -1.058  0.048
612 -0.150 -1.058  0.048
613 -0.150 -1.158  0.038
614 -0.150 -1.158  0.038
615 -0.150 -1.227  0.028
616 -0.150 -1.227  0.028
617 -0.150 -1.283  0.018
618 -0.150 -1.283  0.018
619 -0.150 -1.338  0.008
620 -0.150 -1.338  0.008
621 -0.150 -1.377 -0.003
622 -0.150 -1.377 -0.003
623 -0.150 -1.377 -0.014
624 -0.150 -1.377 -0.014
625 -0.150 -1.377 -0.025
626 -0.150 -1.377 -0.025
627 -0.150 -1.377 -0.036
628 -0.150 -1.377 -0.036
629 -0.150 -1.377 -0.047
630 -0.150 -1.377 -0.047
631 -0.150 -1.377 -0.058
632  0.150 -1.377 -0.058
633  0.150 -1.377 -0.069
634  0.150 -1.377 -0.069
635  0.150 -1.233 -0.079
636  0.150 -1.233 -0.079
637  0.150 -0.919 -0.086
638  0.150 -0.919 -0.086
639  0.150 -0.625 -0.091
640  0.150 -0.625 -0.091
641  0.150 -0.325 -0.093
642  0.150 -0.325 -0.093
643  0.150 -0.033 -0.094
644  0.150 -0.033 -0.094
645  0.150  0.208 -0.092
646  0.150  0.208 -0.092
647  0.150  0.369 -0.089
648  0.150  0.369 -0.089
649  0.150  0.486 -0.085
650  0.150  0.486 -0.085
651  0.150  0.580 -0.081
652  0.150  0.580 -0.081
653  0.150  0.730 -0.075
654  0.150  0.730 -0.075
655  0.150  0.830 -0.068
656  0.150  0.830 -0.068
657  0.150  0.944 -0.061
658  0.150  0.944 -0.061
659  0.150  0.988 -0.053
660  0.150  0.988 -0.053
661  0.150  1.077 -0.044
662  0.150  1.077 -0.044
663  0.150  1.163 -0.035
664  0.150  1.163 -0.035
665  0.150  1.200 -0.025
666  0.150  1.200 -0.025
667  0.150  1.272 -0.015
668  0.150  1.272 -0.015
669  0.150  1.344 -0.004
670  0.150  1.344 -0.004
671  0.150  1.380  0.006
672  0.150  1.380  0.006
673  0.150  1.397  0.017
674  0.150  1.397  0.017
675  0.150  1.397  0.028
676  0.150  1.397  0.028
677  0.150  1.397  0.039
678  0.150  1.397  0.039
679  0.150  1.397  0.051
680 -0.150  1.397  0.051
681 -0.150  1.397  0.062
682 -0.150  1.397  0.062
683 -0.150  1.108  0.071
684 -0.150  1.108  0.071
685 -0.150  0.766  0.077
686 -0.150  0.766  0.077
687 -0.150  0.488  0.081
688 -0.150  0.488  0.081
689 -0.150  0.266  0.083
690 -0.150  0.266  0.083
691 -0.150 -0.027  0.083
692 -0.150 -0.027  0.083
693 -0.150 -0.233  0.081
694 -0.150 -0.233  0.081
695 -0.150 -0.430  0.077
696 -0.150 -0.430  0.077
697 -0.150 -0.580  0.073
698 -0.150 -0.580  0.073
699 -0.150 -0.686  0.067
700 -0.150 -0.686  0.067
701 -0.150 -0.811  0.061
702 -0.150 -0.811  0.061
703 -0.150 -0.952  0.053
704 -0.150 -0.952  0.053
705 -0.150 -1.030  0.045
706 -0.150 -1.030  0.045
707 -0.150 -1.113  0.036
708 -0.150 -1.113  0.036
709 -0.150 -1.191  0.026
710 -0.150 -1.191  0.026
711 -0.150 -1.258  0.016
712 -0.150 -1.258  0.016
713 -0.150 -1.313  0.006
714 -0.150 -1.313  0.006
715 -0.150 -1.375 -0.004
716 -0.150 -1.375 -0.004
717 -0.150 -1.377 -0.015
718 -0.150 -1.377 -0.015
719 -0.150 -1.377 -0.026
720 -0.150 -1.377 -0.026
721 -0.150 -1.377 -0.037
722 -0.150 -1.377 -0.037
723 -0.150 -1.377 -0.048
724 -0.150 -1.377 -0.048
725 -0.150 -1.377 -0.059
726  0.150 -1.377 -0.059
727  0.150 -1.377 -0.070
728  0.150 -1.377 -0.070
729  0.150 -1.299 -0.081
730  0.150 -1.299 -0.081
731  0.150 -1.002 -0.089
732  0.150 -1.002 -0.089
733  0.150 -0.711 -0.094
734  0.150 -0.711 -0.094
735  0.150 -0.441 -0.098
736  0.150 -0.441 -0.098
737  0.150 -0.161 -0.099
738  0.150 -0.161 -0.099
739  0.150  0.061 -0.099
740  0.150  0.061 -0.099
741  0.150  0.244 -0.097
742  0.150  0.244 -0.097
743  0.150  0.352 -0.094
744  0.150  0.352 -0.094
745  0.150  0.516 -0.090
746  0.150  0.516 -0.090
747  0.150  0.647 -0.085
748  0.150  0.647 -0.085
749  0.150  0.805 -0.078
750  0.150  0.805 -0.078
751  0.150  0.886 -0.071
752  0.150  0.886 -0.071
753  0.150  0.958 -0.064
754  0.150  0.958 -0.064
755  0.150  1.055 -0.055
756  0.150  1.055 -0.055
757  0.150  1.144 -0.046
758  0.150  1.144 -0.046
759  0.150  1.186 -0.036
760  0.150  1.186 -0.036
761  0.150  1.261 -0.026
762  0.150  1.261 -0.026
763  0.150  1.305 -0.016
764  0.150  1.305 -0.016
765  0.150  1.352 -0.005
766  0.150  1.352 -0.005
767  0.150  1.380  0.005
768  0.150  1.380  0.005
769  0.150  1.397  0.016
770  0.150  1.397  0.016
771  0.150  1.397  0.027
772  0.150  1.397  0.027
773  0.150  1.397  0.038
774  0.150  1.397  0.038
775  0.150  1.397  0.050
776 -0.150  1.397  0.050
777 -0.150  1.397  0.061
778 -0.150  1.397  0.061
779 -0.150  1.127  0.070
780 -0.150  1.127  0.070
781 -0.150  0.750  0.076
782 -0.150  0.750  0.076
783 -0.150  0.494  0.080
784 -0.150  0.494  0.080
785 -0.150  0.213  0.081
786 -0.150  0.213  0.081
787 -0.150 -0.063  0.081
788 -0.150 -0.063  0.081
789 -0.150 -0.261  0.079
790 -0.150 -0.261  0.079
791 -0.150 -0.438  0.075
792 -0.150 -0.438  0.075
793 -0.150 -0.608  0.071
794 -0.150 -0.608  0.071
795 -0.150 -0.744  0.065
796 -0.150 -0.744  0.065
797 -0.150 -0.844  0.058
798 -0.150 -0.844  0.058
799 -0.150 -0.933  0.050
800 -0.150 -0.933  0.050
801 -0.150 -1.047  0.042
802 -0.150 -1.047  0.042
803 -0.150 -1.122  0.033
804 -0.150 -1.122  0.033
805 -0.150 -1.200  0.023
806 -0.150 -1.200  0.023
807 -0.150 -1.283  0.013
808 -0.150 -1.283  0.013
809 -0.150 -1.344  0.002
810 -0.150 -1.344  0.002
811 -0.150 -1.377 -0.008
812 -0.150 -1.377 -0.008
813 -0.150 -1.377 -0.019
814 -0.150 -1.377 -0.019
815 -0.150 -1.377 -0.030
816 -0.150 -1.377 -0.030
817 -0.150 -1.377 -0.041
818 -0.150 -1.377 -0.041
819 -0.150 -1.377 -0.052
820  0.150 -1.377 -0.052
821  0.150 -1.377 -0.063
822  0.150 -1.377 -0.063
823  0.150 -1.261 -0.073
824  0.150 -1.261 -0.073
825  0.150 -0.916 -0.080
826  0.150 -0.916 -0.080
827  0.150 -0.658 -0.085
828  0.150 -0.658 -0.085
829  0.150 -0.413 -0.089
830  0.150 -0.413 -0.089
831  0.150 -0.161 -0.090
832  0.150 -0.161 -0.090
833  0.150  0.036 -0.090
834  0.150  0.036 -0.090
835  0.150  0.236 -0.088
836  0.150  0.236 -0.088
837  0.150  0.386 -0.085
838  0.150  0.386 -0.085
839  0.150  0.552 -0.080
840  0.150  0.552 -0.080
841  0.150  0.661 -0.075
842  0.150  0.661 -0.075
843  0.150  0.763 -0.069
844  0.150  0.763 -0.069
845  0.150  0.872 -0.062
846  0.150  0.872 -0.062
847  0.150  0.975 -0.054
848  0.150  0.975 -0.054
849  0.150  1.052 -0.046
850  0.150  1.052 -0.046
851  0.150  1.113 -0.037
852  0.150  1.113 -0.037
853  0.150  1.155 -0.028
854  0.150  1.155 -0.028
855  0.150  1.230 -0.018
856  0.150  1.230 -0.018
857  0.150  1.263 -0.008
858  0.150  1.263 -0.008
859  0.150  1.319  0.002
860  0.150  1.319  0.002
861  0.150  1.352  0.013
862  0.150  1.352  0.013
863  0.150  1.380  0.024
864  0.150  1.380  0.024
865  0.150  1.397  0.035
866  0.150  1.397  0.035
867  0.150  1.397  0.046
868  0.150  1.397  0.046
869  0.150  1.397  0.057
870 -0.150  1.397  0.057
871 -0.150  1.397  0.068
872 -0.150  1.397  0.068
873 -0.150  1.091  0.077
874 -0.150  1.091  0.077
875 -0.150  0.761  0.083
876 -0.150  0.761  0.083
877 -0.150  0.488  0.087
878 -0.150  0.488  0.087
879 -0.150  0.219  0.089
880 -0.150  0.219  0.089
881 -0.150  0.013  0.089
882 -0.150  0.013  0.089
883 -0.150 -0.152  0.088
884 -0.150 -0.152  0.088
885 -0.150 -0.336  0.085
886 -0.150 -0.336  0.085
887 -0.150 -0.469  0.081
888 -0.150 -0.469  0.081
889 -0.150 -0.597  0.077
890 -0.150 -0.597  0.077
891 -0.150 -0.697  0.071
892 -0.150 -0.697  0.071
893 -0.150 -0.830  0.064
894 -0.150 -0.830  0.064
895 -0.150 -0.950  0.057
896 -0.150 -0.950  0.057
897 -0.150 -1.047  0.048
898 -0.150 -1.047  0.048
899 -0.150 -1.122  0.039
900 -0.150 -1.122  0.039
901 -0.150 -1.213  0.030
902 -0.150 -1.213  0.030
903 -0.150 -1.291  0.019
904 -0.150 -1.291  0.019
905 -0.150 -1.330  0.009
906 -0.150 -1.330  0.009
907 -0.150 -1.377 -0.001
908 -0.150 -1.377 -0.001
909 -0.150 -1.377 -0.012
910 -0.150 -1.377 -0.012
911 -0.150 -1.377 -0.023
912 -0.150 -1.377 -0.023
913 -0.150 -1.377 -0.034
914 -0.150 -1.377 -0.034
915 -0.150 -1.377 -0.045
916 -0.150 -1.377 -0.045
917 -0.150 -1.377 -0.056
918  0.150 -1.377 -0.056
919  0.150 -1.377 -0.067
920  0.150 -1.377 -0.067
921  0.150 -1.252 -0.077
922  0.150 -1.252 -0.077
923  0.150 -0.883 -0.084
924  0.150 -0.883 -0.084
925  0.150 -0.575 -0.089
926  0.150 -0.575 -0.089
927  0.150 -0.286 -0.091
928  0.150 -0.286 -0.091
929  0.150 -0.005 -0.091
930  0.150 -0.005 -0.091
931  0.150  0.211 -0.090
932  0.150  0.211 -0.090
933  0.150  0.400 -0.086
934  0.150  0.400 -0.086
935  0.150  0.530 -0.082
936  0.150  0.530 -0.082
937  0.150  0.644 -0.077
938  0.150  0.644 -0.077
939  0.150  0.738 -0.071
940  0.150  0.738 -0.071
941  0.150  0.858 -0.064
942  0.150  0.858 -0.064
943  0.150  0.952 -0.057
944  0.150  0.952 -0.057
945  0.150  1.038 -0.048
946  0.150  1.038 -0.048
947  0.150  1.097 -0.040
948  0.150  1.097 -0.040
949  0.150  1.166 -0.030
950  0.150  1.166 -0.030
951  0.150  1.236 -0.020
952  0.150  1.236 -0.020
953  0.150  1.255 -0.0010
954  0.150  1.255 -0.0010
955  0.150  1.316 -0.000
956  0.150  1.316 -0.000
957  0.150  1.352  0.0010
958  0.150  1.352  0.0010
959  0.150  1.386  0.021
960  0.150  1.386  0.021
961  0.150  1.397  0.032
962  0.150  1.397  0.032
963  0.150  1.397  0.043
964  0.150  1.397  0.043
965  0.150  1.397  0.055
966 -0.150  1.397  0.055
967 -0.150  1.397  0.066
968 -0.150  1.397  0.066
969 -0.150  1.136  0.075
970 -0.150  1.136  0.075
971 -0.150  0.786  0.081
972 -0.150  0.786  0.081
973 -0.150  0.547  0.086
974 -0.150  0.547  0.086
975 -0.150  0.319  0.088
976 -0.150  0.319  0.088
977 -0.150  0.088  0.089
978 -0.150  0.088  0.089
979 -0.150 -0.097  0.088
980 -0.150 -0.097  0.088
981 -0.150 -0.322  0.085
982 -0.150 -0.322  0.085
983 -0.150 -0.475  0.082
984 -0.150 -0.475  0.082
985 -0.150 -0.602  0.077
986 -0.150 -0.602  0.077
987 -0.150 -0.730  0.071
988 -0.150 -0.730  0.071
989 -0.150 -0.855  0.064
990 -0.150 -0.855  0.064
991 -0.150 -0.977  0.056
992 -0.150 -0.977  0.056
993 -0.150 -1.075  0.048
994 -0.150 -1.075  0.048
995 -0.150 -1.141  0.039
996 -0.150 -1.141  0.039
997 -0.150 -1.225  0.029
998 -0.150 -1.225  0.029
999 -0.150 -1.288  0.019