0  0.150  0.000  0.015
1  0.150  0.011  0.015
2  0.150  0.011  0.015
3  0.150  0.208  0.017
4  0.150  0.208  0.017
5  0.150  0.358  0.020
6  0.150  0.358  0.020
7  0.150  0.475  0.023
8  0.150  0.475  0.023
9  0.150  0.575  0.028
10  0.150  0.575  0.028
11  0.150  0.672  0.033
12  0.150  0.672  0.033
13  0.150  0.794  0.040
14  0.150  0.794  0.040
15  0.150  0.913  0.047
16  0.150  0.913  0.047
17  0.150  1.008  0.055
18 -0.150  1.008  0.055
19 -0.150  1.052  0.063
20 -0.150  1.052  0.063
21 -0.150  0.747  0.069
22 -0.150  0.747  0.069
23 -0.150  0.450  0.073
24 -0.150  0.450  0.073
25 -0.150  0.213  0.075
26 -0.150  0.213  0.075
27 -0.150  0.002  0.075
28 -0.150  0.002  0.075
29 -0.150 -0.175  0.073
30 -0.150 -0.175  0.073
31 -0.150 -0.305  0.071
32 -0.150 -0.305  0.071
33 -0.150 -0.452  0.067
34 -0.150 -0.452  0.067
35 -0.150 -0.583  0.063
36 -0.150 -0.583  0.063
37 -0.150 -0.708  0.057
38 -0.150 -0.708  0.057
39 -0.150 -0.811  0.050
40 -0.150 -0.811  0.050
41 -0.150 -0.900  0.043
42 -0.150 -0.900  0.043
43 -0.150 -0.972  0.036
44 -0.150 -0.972  0.036
45 -0.150 -1.058  0.027
46 -0.150 -1.058  0.027
47 -0.150 -1.136  0.018
48 -0.150 -1.136  0.018
49 -0.150 -1.166  0.009
50 -0.150 -1.166  0.009
51 -0.150 -1.238 -0.000
52 -0.150 -1.238 -0.000
53 -0.150 -1.266 -0.0010
54 -0.150 -1.266 -0.0010
55 -0.150 -1.291 -0.021
56 -0.150 -1.291 -0.021
57 -0.150 -1.338 -0.031
58 -0.150 -1.338 -0.031
59 -0.150 -1.333 -0.042
60 -0.150 -1.333 -0.042
61 -0.150 -1.366 -0.053
62  0.150 -1.366 -0.053
63  0.150 -1.372 -0.064
64  0.150 -1.372 -0.064
65  0.150 -1.041 -0.072
66  0.150 -1.041 -0.072
67  0.150 -0.694 -0.078
68  0.150 -0.694 -0.078
69  0.150 -0.375 -0.081
70  0.150 -0.375 -0.081
71  0.150 -0.066 -0.081
72  0.150 -0.066 -0.081
73  0.150  0.155 -0.080
74  0.150  0.155 -0.080
75  0.150  0.352 -0.077
76  0.150  0.352 -0.077
77  0.150  0.502 -0.073
78  0.150  0.502 -0.073
79  0.150  0.652 -0.068
80  0.150  0.652 -0.068
81  0.150  0.811 -0.062
82  0.150  0.811 -0.062
83  0.150  0.916 -0.054
84  0.150  0.916 -0.054
85  0.150  1.016 -0.046
86  0.150  1.016 -0.046
87  0.150  1.111 -0.037
88  0.150  1.111 -0.037
89  0.150  1.216 -0.028
90  0.150  1.216 -0.028
91  0.150  1.291 -0.017
92  0.150  1.291 -0.017
93  0.150  1.358 -0.006
94  0.150  1.358 -0.006
95  0.150  1.397  0.004
96  0.150  1.397  0.004
97  0.150  1.397  0.015
98  0.150  1.397  0.015
99  0.150  1.397  0.026
100  0.150  1.397  0.026
101  0.150  1.397  0.037
102  0.150  1.397  0.037
103  0.150  1.397  0.049
104  0.150  1.397  0.049
105  0.150  1.397  0.060
106 -0.150  1.397  0.060
107 -0.150  1.397  0.071
108 -0.150  1.397  0.071
109 -0.150  1.347  0.082
110 -0.150  1.347  0.082
111 -0.150  1.055  0.090
112 -0.150  1.055  0.090
113 -0.150  0.697  0.096
114 -0.150  0.697  0.096
115 -0.150  0.447  0.099
116 -0.150  0.447  0.099
117 -0.150  0.200  0.101
118 -0.150  0.200  0.101
119 -0.150 -0.030  0.101
120 -0.150 -0.030  0.101
121 -0.150 -0.230  0.099
122 -0.150 -0.230  0.099
123 -0.150 -0.386  0.096
124 -0.150 -0.386  0.096
125 -0.150 -0.530  0.092
126 -0.150 -0.530  0.092
127 -0.150 -0.666  0.086
128 -0.150 -0.666  0.086
129 -0.150 -0.791  0.080
130 -0.150 -0.791  0.080
131 -0.150 -0.872  0.073
132 -0.150 -0.872  0.073
133 -0.150 -0.972  0.065
134 -0.150 -0.972  0.065
135 -0.150 -1.066  0.057
136 -0.150 -1.066  0.057
137 -0.150 -1.122  0.048
138 -0.150 -1.122  0.048
139 -0.150 -1.197  0.038
140 -0.150 -1.197  0.038
141 -0.150 -1.272  0.028
142 -0.150 -1.272  0.028
143 -0.150 -1.294  0.017
144 -0.150 -1.294  0.017
145 -0.150 -1.350  0.007
146 -0.150 -1.350  0.007
147 -0.150 -1.369 -0.003
148 -0.150 -1.369 -0.003
149 -0.150 -1.375 -0.014
150 -0.150 -1.375 -0.014
151 -0.150 -1.377 -0.025
152 -0.150 -1.377 -0.025
153 -0.150 -1.377 -0.036
154 -0.150 -1.377 -0.036
155 -0.150 -1.377 -0.047
156 -0.150 -1.377 -0.047
157 -0.150 -1.377 -0.058
158  0.150 -1.377 -0.058
159  0.150 -1.377 -0.069
160  0.150 -1.377 -0.069
161  0.150 -1.180 -0.079
162  0.150 -1.180 -0.079
163  0.150 -0.880 -0.086
164  0.150 -0.880 -0.086
165  0.150 -0.544 -0.090
166  0.150 -0.544 -0.090
167  0.150 -0.227 -0.092
168  0.150 -0.227 -0.092
169  0.150  0.077 -0.091
170  0.150  0.077 -0.091
171  0.150  0.275 -0.089
172  0.150  0.275 -0.089
173  0.150  0.463 -0.086
174  0.150  0.463 -0.086
175  0.150  0.611 -0.081
176  0.150  0.611 -0.081
177  0.150  0.763 -0.075
178  0.150  0.763 -0.075
179  0.150  0.883 -0.068
180  0.150  0.883 -0.068
181  0.150  0.994 -0.060
182  0.150  0.994 -0.060
183  0.150  1.083 -0.051
184  0.150  1.083 -0.051
185  0.150  1.180 -0.041
186  0.150  1.180 -0.041
187  0.150  1.274 -0.031
188  0.150  1.274 -0.031
189  0.150  1.330 -0.021
190  0.150  1.330 -0.021
191  0.150  1.391 -0.009
192  0.150  1.391 -0.009
193  0.150  1.397  0.001
194  0.150  1.397  0.001
195  0.150  1.397  0.012
196  0.150  1.397  0.012
197  0.150  1.397  0.023
198  0.150  1.397  0.023
199  0.150  1.397  0.034
200  0.150  1.397  0.034
201  0.150  1.397  0.045
202  0.150  1.397  0.045
203  0.150  1.397  0.057
204 -0.150  1.397  0.057
205 -0.150  1.397  0.068
206 -0.150  1.397  0.068
207 -0.150  1.394  0.079
208 -0.150  1.394  0.079
209 -0.150  1.038  0.087
210 -0.150  1.038  0.087
211 -0.150  0.725  0.093
212 -0.150  0.725  0.093
213 -0.150  0.444  0.097
214 -0.150  0.444  0.097
215 -0.150  0.188  0.098
216 -0.150  0.188  0.098
217 -0.150 -0.036  0.098
218 -0.150 -0.036  0.098
219 -0.150 -0.255  0.096
220 -0.150 -0.255  0.096
221 -0.150 -0.438  0.092
222 -0.150 -0.438  0.092
223 -0.150 -0.588  0.088
224 -0.150 -0.588  0.088
225 -0.150 -0.705  0.082
226 -0.150 -0.705  0.082
227 -0.150 -0.836  0.075
228 -0.150 -0.836  0.075
229 -0.150 -0.947  0.068
230 -0.150 -0.947  0.068
231 -0.150 -1.027  0.060
232 -0.150 -1.027  0.060
233 -0.150 -1.094  0.051
234 -0.150 -1.094  0.051
235 -0.150 -1.194  0.041
236 -0.150 -1.194  0.041
237 -0.150 -1.233  0.031
238 -0.150 -1.233  0.031
239 -0.150 -1.308  0.021
240 -0.150 -1.308  0.021
241 -0.150 -1.355  0.0010
242 -0.150 -1.355  0.0010
243 -0.150 -1.377 -0.000
244 -0.150 -1.377 -0.000
245 -0.150 -1.377 -0.011
246 -0.150 -1.377 -0.011
247 -0.150 -1.377 -0.022
248 -0.150 -1.377 -0.022
249 -0.150 -1.377 -0.033
250 -0.150 -1.377 -0.033
251 -0.150 -1.377 -0.044
252 -0.150 -1.377 -0.044
253 -0.150 -1.377 -0.055
254  0.150 -1.377 -0.055
255  0.150 -1.377 -0.066
256  0.150 -1.377 -0.066
257  0.150 -1.200 -0.076
258  0.150 -1.200 -0.076
259  0.150 -0.858 -0.083
260  0.150 -0.858 -0.083
261  0.150 -0.536 -0.087
262  0.150 -0.536 -0.087
263  0.150 -0.236 -0.089
264  0.150 -0.236 -0.089
265  0.150  0.038 -0.088
266  0.150  0.038 -0.088
267  0.150  0.258 -0.086
268  0.150  0.258 -0.086
269  0.150  0.405 -0.083
270  0.150  0.405 -0.083
271  0.150  0.552 -0.079
272  0.150  0.552 -0.079
273  0.150  0.700 -0.073
274  0.150  0.700 -0.073
275  0.150  0.813 -0.067
276  0.150  0.813 -0.067
277  0.150  0.933 -0.059
278  0.150  0.933 -0.059
279  0.150  1.011 -0.051
280  0.150  1.011 -0.051
281  0.150  1.119 -0.042
282  0.150  1.119 -0.042
283  0.150  1.213 -0.032
284  0.150  1.213 -0.032
285  0.150  1.261 -0.022
286  0.150  1.261 -0.022
287  0.150  1.355 -0.012
288  0.150  1.355 -0.012
289  0.150  1.397 -0.000
290  0.150  1.397 -0.000
291  0.150  1.397  0.0010
292  0.150  1.397  0.0010
293  0.150  1.397  0.021
294  0.150  1.397  0.021
295  0.150  1.397  0.032
296  0.150  1.397  0.032
297  0.150  1.397  0.043
298  0.150  1.397  0.043
299  0.150  1.397  0.055
300 -0.150  1.397  0.055
301 -0.150  1.397  0.066
302 -0.150  1.397  0.066
303 -0.150  1.363  0.077
304 -0.150  1.363  0.077
305 -0.150  1.041  0.085
306 -0.150  1.041  0.085
307 -0.150  0.675  0.090
308 -0.150  0.675  0.090
309 -0.150  0.386  0.093
310 -0.150  0.386  0.093
311 -0.150  0.138  0.095
312 -0.150  0.138  0.095
313 -0.150 -0.111  0.094
314 -0.150 -0.111  0.094
315 -0.150 -0.297  0.091
316 -0.150 -0.297  0.091
317 -0.150 -0.494  0.087
318 -0.150 -0.494  0.087
319 -0.150 -0.638  0.082
320 -0.150 -0.638  0.082
321 -0.150 -0.747  0.076
322 -0.150 -0.747  0.076
323 -0.150 -0.858  0.069
324 -0.150 -0.858  0.069
325 -0.150 -0.963  0.062
326 -0.150 -0.963  0.062
327 -0.150 -1.055  0.053
328 -0.150 -1.055  0.053
329 -0.150 -1.127  0.044
330 -0.150 -1.127  0.044
331 -0.150 -1.211  0.035
332 -0.150 -1.211  0.035
333 -0.150 -1.258  0.025
334 -0.150 -1.258  0.025
335 -0.150 -1.333  0.014
336 -0.150 -1.333  0.014
337 -0.150 -1.350  0.003
338 -0.150 -1.350  0.003
339 -0.150 -1.377 -0.007
340 -0.150 -1.377 -0.007
341 -0.150 -1.377 -0.018
342 -0.150 -1.377 -0.018
343 -0.150 -1.377 -0.029
344 -0.150 -1.377 -0.029
345 -0.150 -1.377 -0.040
346 -0.150 -1.377 -0.040
347 -0.150 -1.377 -0.051
348  0.150 -1.377 -0.051
349  0.150 -1.377 -0.062
350  0.150 -1.377 -0.062
351  0.150 -1.113 -0.071
352  0.150 -1.113 -0.071
353  0.150 -0.788 -0.077
354  0.150 -0.788 -0.077
355  0.150 -0.480 -0.081
356  0.150 -0.480 -0.081
357  0.150 -0.188 -0.083
358  0.150 -0.188 -0.083
359  0.150  0.061 -0.082
360  0.150  0.061 -0.082
361  0.150  0.263 -0.080
362  0.150  0.263 -0.080
363  0.150  0.430 -0.077
364  0.150  0.430 -0.077
365  0.150  0.569 -0.072
366  0.150  0.569 -0.072
367  0.150  0.700 -0.066
368  0.150  0.700 -0.066
369  0.150  0.802 -0.060
370  0.150  0.802 -0.060
371  0.150  0.927 -0.053
372  0.150  0.927 -0.053
373  0.150  1.011 -0.045
374  0.150  1.011 -0.045
375  0.150  1.108 -0.036
376  0.150  1.108 -0.036
377  0.150  1.177 -0.026
378  0.150  1.177 -0.026
379  0.150  1.274 -0.016
380  0.150  1.274 -0.016
381  0.150  1.308 -0.006
382  0.150  1.308 -0.006
383  0.150  1.377  0.004
384  0.150  1.377  0.004
385  0.150  1.397  0.016
386  0.150  1.397  0.016
387  0.150  1.397  0.027
388  0.150  1.397  0.027
389  0.150  1.397  0.038
390  0.150  1.397  0.038
391  0.150  1.397  0.049
392  0.150  1.397  0.049
393  0.150  1.397  0.060
394 -0.150  1.397  0.060
395 -0.150  1.397  0.071
396 -0.150  1.397  0.071
397 -0.150  1.341  0.082
398 -0.150  1.341  0.082
399 -0.150  0.855  0.089
400 -0.150  0.855  0.089
401 -0.150  0.600  0.094
402 -0.150  0.600  0.094
403 -0.150  0.350  0.097
404 -0.150  0.350  0.097
405 -0.150  0.077  0.097
406 -0.150  0.077  0.097
407 -0.150 -0.144  0.096
408 -0.150 -0.144  0.096
409 -0.150 -0.369  0.093
410 -0.150 -0.369  0.093
411 -0.150 -0.550  0.089
412 -0.150 -0.550  0.089
413 -0.150 -0.666  0.083
414 -0.150 -0.666  0.083
415 -0.150 -0.794  0.077
416 -0.150 -0.794  0.077
417 -0.150 -0.900  0.070
418 -0.150 -0.900  0.070
419 -0.150 -1.024  0.062
420 -0.150 -1.024  0.062
421 -0.150 -1.091  0.053
422 -0.150 -1.091  0.053
423 -0.150 -1.166  0.044
424 -0.150 -1.166  0.044
425 -0.150 -1.241  0.034
426 -0.150 -1.241  0.034
427 -0.150 -1.291  0.023
428 -0.150 -1.291  0.023
429 -0.150 -1.355  0.012
430 -0.150 -1.355  0.012
431 -0.150 -1.372  0.002
432 -0.150 -1.372  0.002
433 -0.150 -1.377 -0.009
434 -0.150 -1.377 -0.009
435 -0.150 -1.377 -0.020
436 -0.150 -1.377 -0.020
437 -0.150 -1.377 -0.031
438 -0.150 -1.377 -0.031
439 -0.150 -1.377 -0.042
440 -0.150 -1.377 -0.042
441 -0.150 -1.377 -0.053
442  0.150 -1.377 -0.053
443  0.150 -1.377 -0.064
444  0.150 -1.377 -0.064
445  0.150 -1.211 -0.073
446  0.150 -1.211 -0.073
447  0.150 -0.858 -0.080
448  0.150 -0.858 -0.080
449  0.150 -0.577 -0.085
450  0.150 -0.577 -0.085
451  0.150 -0.297 -0.087
452  0.150 -0.297 -0.087
453  0.150 -0.025 -0.087
454  0.150 -0.025 -0.087
455  0.150  0.169 -0.086
456  0.150  0.169 -0.086
457  0.150  0.347 -0.083
458  0.150  0.347 -0.083
459  0.150  0.469 -0.080
460  0.150  0.469 -0.080
461  0.150  0.613 -0.075
462  0.150  0.613 -0.075
463  0.150  0.725 -0.069
464  0.150  0.725 -0.069
465  0.150  0.847 -0.062
466  0.150  0.847 -0.062
467  0.150  0.941 -0.055
468  0.150  0.941 -0.055
469  0.150  1.036 -0.046
470  0.150  1.036 -0.046
471  0.150  1.122 -0.037
472  0.150  1.122 -0.037
473  0.150  1.172 -0.028
474  0.150  1.172 -0.028
475  0.150  1.236 -0.018
476  0.150  1.236 -0.018
477  0.150  1.316 -0.008
478  0.150  1.316 -0.008
479  0.150  1.355  0.002
480  0.150  1.355  0.002
481  0.150  1.397  0.014
482  0.150  1.397  0.014
483  0.150  1.397  0.025
484  0.150  1.397  0.025
485  0.150  1.397  0.036
486  0.150  1.397  0.036
487  0.150  1.397  0.047
488  0.150  1.397  0.047
489  0.150  1.397  0.058
490 -0.150  1.397  0.058
491 -0.150  1.397  0.069
492 -0.150  1.397  0.069
493 -0.150  1.288  0.080
494 -0.150  1.288  0.080
495 -0.150  0.952  0.087
496 -0.150  0.952  0.087
497 -0.150  0.636  0.093
498 -0.150  0.636  0.093
499 -0.150  0.355  0.095
500 -0.150  0.355  0.095
501 -0.150  0.088  0.096
502 -0.150  0.088  0.096
503 -0.150 -0.108  0.095
504 -0.150 -0.108  0.095
505 -0.150 -0.319  0.093
506 -0.150 -0.319  0.093
507 -0.150 -0.472  0.089
508 -0.150 -0.472  0.089
509 -0.150 -0.619  0.084
510 -0.150 -0.619  0.084
511 -0.150 -0.744  0.078
512 -0.150 -0.744  0.078
513 -0.150 -0.869  0.071
514 -0.150 -0.869  0.071
515 -0.150 -0.983  0.063
516 -0.150 -0.983  0.063
517 -0.150 -1.066  0.055
518 -0.150 -1.066  0.055
519 -0.150 -1.169  0.045
520 -0.150 -1.169  0.045
521 -0.150 -1.219  0.036
522 -0.150 -1.219  0.036
523 -0.150 -1.286  0.025
524 -0.150 -1.286  0.025
525 -0.150 -1.319  0.015
526 -0.150 -1.319  0.015
527 -0.150 -1.372  0.004
528 -0.150 -1.372  0.004
529 -0.150 -1.377 -0.006
530 -0.150 -1.377 -0.006
531 -0.150 -1.377 -0.017
532 -0.150 -1.377 -0.017
533 -0.150 -1.377 -0.028
534 -0.150 -1.377 -0.028
535 -0.150 -1.377 -0.039
536 -0.150 -1.377 -0.039
537 -0.150 -1.377 -0.050
538  0.150 -1.377 -0.050
539  0.150 -1.377 -0.061
540  0.150 -1.377 -0.061
541  0.150 -1.174 -0.071
542  0.150 -1.174 -0.071
543  0.150 -0.866 -0.078
544  0.150 -0.866 -0.078
545  0.150 -0.541 -0.082
546  0.150 -0.541 -0.082
547  0.150 -0.255 -0.084
548  0.150 -0.255 -0.084
549  0.150 -0.016 -0.084
550  0.150 -0.016 -0.084
551  0.150  0.216 -0.083
552  0.150  0.216 -0.083
553  0.150  0.377 -0.080
554  0.150  0.377 -0.080
555  0.150  0.494 -0.076
556  0.150  0.494 -0.076
557  0.150  0.602 -0.071
558  0.150  0.602 -0.071
559  0.150  0.744 -0.065
560  0.150  0.744 -0.065
561  0.150  0.858 -0.058
562  0.150  0.858 -0.058
563  0.150  0.955 -0.050
564  0.150  0.955 -0.050
565  0.150  1.024 -0.042
566  0.150  1.024 -0.042
567  0.150  1.133 -0.033
568  0.150  1.133 -0.033
569  0.150  1.208 -0.024
570  0.150  1.208 -0.024
571  0.150  1.266 -0.013
572  0.150  1.266 -0.013
573  0.150  1.338 -0.003
574  0.150  1.338 -0.003
575  0.150  1.397  0.007
576  0.150  1.397  0.007
577  0.150  1.397  0.019
578  0.150  1.397  0.019
579  0.150  1.397  0.030
580  0.150  1.397  0.030
581  0.150  1.397  0.041
582  0.150  1.397  0.041
583  0.150  1.397  0.052
584 -0.150  1.397  0.052
585 -0.150  1.397  0.063
586 -0.150  1.397  0.063
587 -0.150  1.191  0.073
588 -0.150  1.191  0.073
589 -0.150  0.869  0.080
590 -0.150  0.869  0.080
591 -0.150  0.597  0.085
592 -0.150  0.597  0.085
593 -0.150  0.372  0.088
594 -0.150  0.372  0.088
595 -0.150  0.127  0.089
596 -0.150  0.127  0.089
597 -0.150 -0.069  0.088
598 -0.150 -0.069  0.088
599 -0.150 -0.283  0.086
600 -0.150 -0.283  0.086
601 -0.150 -0.455  0.082
602 -0.150 -0.455  0.082
603 -0.150 -0.586  0.077
604 -0.150 -0.586  0.077
605 -0.150 -0.725  0.072
606 -0.150 -0.725  0.072
607 -0.150 -0.825  0.065
608 -0.150 -0.825  0.065
609 -0.150 -0.944  0.058
610 -0.150 -0.944  0.058
611 -0.150 -1.036  0.049
612 -0.150 -1.036  0.049
613 -0.150 -1.111  0.040
614 -0.150 -1.111  0.040
615 -0.150 -1.166  0.031
616 -0.150 -1.166  0.031
617 -0.150 -1.222  0.021
618 -0.150 -1.222  0.021
619 -0.150 -1.269  0.011
620 -0.150 -1.269  0.011
621 -0.150 -1.327  0.000
622 -0.150 -1.327  0.000
623 -0.150 -1.341 -0.009
624 -0.150 -1.341 -0.009
625 -0.150 -1.377 -0.020
626 -0.150 -1.377 -0.020
627 -0.150 -1.377 -0.031
628 -0.150 -1.377 -0.031
629 -0.150 -1.377 -0.042
630 -0.150 -1.377 -0.042
631 -0.150 -1.377 -0.053
632  0.150 -1.377 -0.053
633  0.150 -1.377 -0.064
634  0.150 -1.377 -0.064
635  0.150 -1.105 -0.073
636  0.150 -1.105 -0.073
637  0.150 -0.783 -0.079
638  0.150 -0.783 -0.079
639  0.150 -0.458 -0.083
640  0.150 -0.458 -0.083
641  0.150 -0.077 -0.084
642  0.150 -0.077 -0.084
643  0.150  0.172 -0.082
644  0.150  0.172 -0.082
645  0.150  0.375 -0.079
646  0.150  0.375 -0.079
647  0.150  0.497 -0.075
648  0.150  0.497 -0.075
649  0.150  0.611 -0.071
650  0.150  0.611 -0.071
651  0.150  0.761 -0.064
652  0.150  0.761 -0.064
653  0.150  0.872 -0.057
654  0.150  0.872 -0.057
655  0.150  0.972 -0.050
656  0.150  0.972 -0.050
657  0.150  1.030 -0.041
658  0.150  1.030 -0.041
659  0.150  1.130 -0.032
660  0.150  1.130 -0.032
661  0.150  1.202 -0.023
662  0.150  1.202 -0.023
663  0.150  1.261 -0.013
664  0.150  1.261 -0.013
665  0.150  1.322 -0.002
666  0.150  1.322 -0.002
667  0.150  1.375  0.008
668  0.150  1.375  0.008
669  0.150  1.397  0.019
670  0.150  1.397  0.019
671  0.150  1.397  0.030
672  0.150  1.397  0.030
673  0.150  1.397  0.041
674  0.150  1.397  0.041
675  0.150  1.397  0.053
676 -0.150  1.397  0.053
677 -0.150  1.397  0.064
678 -0.150  1.397  0.064
679 -0.150  1.294  0.074
680 -0.150  1.294  0.074
681 -0.150  1.055  0.083
682 -0.150  1.055  0.083
683 -0.150  0.788  0.089
684 -0.150  0.788  0.089
685 -0.150  0.550  0.093
686 -0.150  0.550  0.093
687 -0.150  0.297  0.096
688 -0.150  0.297  0.096
689 -0.150  0.069  0.096
690 -0.150  0.069  0.096
691 -0.150 -0.094  0.095
692 -0.150 -0.094  0.095
693 -0.150 -0.269  0.093
694 -0.150 -0.269  0.093
695 -0.150 -0.422  0.090
696 -0.150 -0.422  0.090
697 -0.150 -0.538  0.086
698 -0.150 -0.538  0.086
699 -0.150 -0.683  0.080
700 -0.150 -0.683  0.080
701 -0.150 -0.780  0.074
702 -0.150 -0.780  0.074
703 -0.150 -0.897  0.067
704 -0.150 -0.897  0.067
705 -0.150 -0.977  0.059
706 -0.150 -0.977  0.059
707 -0.150 -1.041  0.051
708 -0.150 -1.041  0.051
709 -0.150 -1.024  0.042
710 -0.150 -1.024  0.042
711 -0.150 -1.016  0.034
712 -0.150 -1.016  0.034
713 -0.150 -1.127  0.025
714 -0.150 -1.127  0.025
715 -0.150 -1.147  0.016
716 -0.150 -1.147  0.016
717 -0.150 -1.225  0.006
718 -0.150 -1.225  0.006
719 -0.150 -1.208 -0.002
720 -0.150 -1.208 -0.002
721 -0.150 -1.291 -0.013
722 -0.150 -1.291 -0.013
723 -0.150 -1.313 -0.023
724 -0.150 -1.313 -0.023
725 -0.150 -1.347 -0.034
726 -0.150 -1.347 -0.034
727 -0.150 -1.369 -0.045
728 -0.150 -1.369 -0.045
729 -0.150 -1.377 -0.056
730  0.150 -1.377 -0.056
731  0.150 -1.375 -0.067
732  0.150 -1.375 -0.067
733  0.150 -1.088 -0.076
734  0.150 -1.088 -0.076
735  0.150 -0.752 -0.082
736  0.150 -0.752 -0.082
737  0.150 -0.419 -0.085
738  0.150 -0.419 -0.085
739  0.150 -0.122 -0.086
740  0.150 -0.122 -0.086
741  0.150  0.130 -0.085
742  0.150  0.130 -0.085
743  0.150  0.322 -0.082
744  0.150  0.322 -0.082
745  0.150  0.491 -0.078
746  0.150  0.491 -0.078
747  0.150  0.638 -0.073
748  0.150  0.638 -0.073
749  0.150  0.741 -0.067
750  0.150  0.741 -0.067
751  0.150  0.841 -0.061
752  0.150  0.841 -0.061
753  0.150  0.950 -0.053
754  0.150  0.950 -0.053
755  0.150  1.038 -0.045
756  0.150  1.038 -0.045
757  0.150  1.094 -0.036
758  0.150  1.094 -0.036
759  0.150  1.183 -0.027
760  0.150  1.183 -0.027
761  0.150  1.255 -0.017
762  0.150  1.255 -0.017
763  0.150  1.311 -0.006
764  0.150  1.311 -0.006
765  0.150  1.372  0.004
766  0.150  1.372  0.004
767  0.150  1.391  0.015
768  0.150  1.391  0.015
769  0.150  1.397  0.026
770  0.150  1.397  0.026
771  0.150  1.397  0.037
772  0.150  1.397  0.037
773  0.150  1.397  0.049
774  0.150  1.397  0.049
775  0.150  1.397  0.060
776 -0.150  1.397  0.060
777 -0.150  1.397  0.071
778 -0.150  1.397  0.071
779 -0.150  1.313  0.082
780 -0.150  1.313  0.082
781 -0.150  1.047  0.090
782 -0.150  1.047  0.090
783 -0.150  0.763  0.096
784 -0.150  0.763  0.096
785 -0.150  0.522  0.0100
786 -0.150  0.522  0.0100
787 -0.150  0.313  0.103
788 -0.150  0.313  0.103
789 -0.150  0.113  0.104
790 -0.150  0.113  0.104
791 -0.150 -0.061  0.103
792 -0.150 -0.061  0.103
793 -0.150 -0.250  0.101
794 -0.150 -0.250  0.101
795 -0.150 -0.436  0.098
796 -0.150 -0.436  0.098
797 -0.150 -0.563  0.093
798 -0.150 -0.563  0.093
799 -0.150 -0.694  0.088
800 -0.150 -0.694  0.088
801 -0.150 -0.780  0.081
802 -0.150 -0.780  0.081
803 -0.150 -0.891  0.074
804 -0.150 -0.891  0.074
805 -0.150 -0.933  0.067
806 -0.150 -0.933  0.067
807 -0.150 -0.883  0.060
808 -0.150 -0.883  0.060
809 -0.150 -0.891  0.053
810 -0.150 -0.891  0.053
811 -0.150 -1.030  0.044
812 -0.150 -1.030  0.044
813 -0.150 -0.983  0.036
814 -0.150 -0.983  0.036
815 -0.150 -1.086  0.028
816 -0.150 -1.086  0.028
817 -0.150 -1.111  0.019
818 -0.150 -1.111  0.019
819 -0.150 -1.186  0.009
820 -0.150 -1.186  0.009
821 -0.150 -1.200  0.000
822 -0.150 -1.200  0.000
823 -0.150 -1.266 -0.009
824 -0.150 -1.266 -0.009
825 -0.150 -1.280 -0.020
826 -0.150 -1.280 -0.020
827 -0.150 -1.350 -0.030
828 -0.150 -1.350 -0.030
829 -0.150 -1.338 -0.041
830 -0.150 -1.338 -0.041
831 -0.150 -1.366 -0.052
832  0.150 -1.366 -0.052
833  0.150 -1.377 -0.063
834  0.150 -1.377 -0.063
835  0.150 -1.030 -0.071
836  0.150 -1.030 -0.071
837  0.150 -0.738 -0.077
838  0.150 -0.738 -0.077
839  0.150 -0.358 -0.080
840  0.150 -0.358 -0.080
841  0.150 -0.125 -0.081
842  0.150 -0.125 -0.081
843  0.150  0.130 -0.080
844  0.150  0.130 -0.080
845  0.150  0.283 -0.078
846  0.150  0.283 -0.078
847  0.150  0.452 -0.074
848  0.150  0.452 -0.074
849  0.150  0.586 -0.069
850  0.150  0.586 -0.069
851  0.150  0.725 -0.064
852  0.150  0.725 -0.064
853  0.150  0.852 -0.057
854  0.150  0.852 -0.057
855  0.150  0.930 -0.049
856  0.150  0.930 -0.049
857  0.150  0.997 -0.041
858  0.150  0.997 -0.041
859  0.150  1.094 -0.033
860  0.150  1.094 -0.033
861  0.150  1.158 -0.023
862  0.150  1.158 -0.023
863  0.150  1.227 -0.014
864  0.150  1.227 -0.014
865  0.150  1.302 -0.003
866  0.150  1.302 -0.003
867  0.150  1.352  0.007
868  0.150  1.352  0.007
869  0.150  1.386  0.018
870  0.150  1.386  0.018
871  0.150  1.397  0.029
872  0.150  1.397  0.029
873  0.150  1.397  0.040
874  0.150  1.397  0.040
875  0.150  1.397  0.051
876 -0.150  1.397  0.051
877 -0.150  1.397  0.063
878 -0.150  1.397  0.063
879 -0.150  1.180  0.072
880 -0.150  1.180  0.072
881 -0.150  0.844  0.079
882 -0.150  0.844  0.079
883 -0.150  0.602  0.084
884 -0.150  0.602  0.084
885 -0.150  0.347  0.086
886 -0.150  0.347  0.086
887 -0.150  0.119  0.087
888 -0.150  0.119  0.087
889 -0.150 -0.063  0.087
890 -0.150 -0.063  0.087
891 -0.150 -0.258  0.085
892 -0.150 -0.258  0.085
893 -0.150 -0.425  0.081
894 -0.150 -0.425  0.081
895 -0.150 -0.555  0.077
896 -0.150 -0.555  0.077
897 -0.150 -0.655  0.072
898 -0.150 -0.655  0.072
899 -0.150 -0.750  0.066
900 -0.150 -0.750  0.066
901 -0.150 -0.738  0.060
902 -0.150 -0.738  0.060
903 -0.150 -0.780  0.054
904 -0.150 -0.780  0.054
905 -0.150 -0.761  0.048
906 -0.150 -0.761  0.048
907 -0.150 -0.894  0.040
908 -0.150 -0.894  0.040
909 -0.150 -0.972  0.033
910 -0.150 -0.972  0.033
911 -0.150 -1.041  0.024
912 -0.150 -1.041  0.024
913 -0.150 -1.094  0.016
914 -0.150 -1.094  0.016
915 -0.150 -1.136  0.006
916 -0.150 -1.136  0.006
917 -0.150 -1.188 -0.002
918 -0.150 -1.188 -0.002
919 -0.150 -1.202 -0.012
920 -0.150 -1.202 -0.012
921 -0.150 -1.263 -0.022
922 -0.150 -1.263 -0.022
923 -0.150 -1.291 -0.032
924 -0.150 -1.291 -0.032
925 -0.150 -1.352 -0.043
926 -0.150 -1.352 -0.043
927 -0.150 -1.355 -0.054
928  0.150 -1.355 -0.054
929  0.150 -1.377 -0.065
930  0.150 -1.377 -0.065
931  0.150 -1.077 -0.073
932  0.150 -1.077 -0.073
933  0.150 -0.752 -0.079
934  0.150 -0.752 -0.079
935  0.150 -0.433 -0.083
936  0.150 -0.433 -0.083
937  0.150 -0.113 -0.084
938  0.150 -0.113 -0.084
939  0.150  0.122 -0.083
940  0.150  0.122 -0.083
941  0.150  0.325 -0.080
942  0.150  0.325 -0.080
943  0.150  0.438 -0.077
944  0.150  0.438 -0.077
945  0.150  0.572 -0.072
946  0.150  0.572 -0.072
947  0.150  0.697 -0.067
948  0.150  0.697 -0.067
949  0.150  0.838 -0.060
950  0.150  0.838 -0.060
951  0.150  0.938 -0.052
952  0.150  0.938 -0.052
953  0.150  1.008 -0.044
954  0.150  1.008 -0.044
955  0.150  1.091 -0.036
956  0.150  1.091 -0.036
957  0.150  1.163 -0.026
958  0.150  1.163 -0.026
959  0.150  1.252 -0.016
960  0.150  1.252 -0.016
961  0.150  1.274 -0.006
962  0.150  1.274 -0.006
963  0.150  1.325  0.004
964  0.150  1.325  0.004
965  0.150  1.375  0.015
966  0.150  1.375  0.015
967  0.150  1.391  0.026
968  0.150  1.391  0.026
969  0.150  1.397  0.037
970  0.150  1.397  0.037
971  0.150  1.316  0.047
972  0.150  1.316  0.047
973  0.150  1.377  0.058
974 -0.150  1.377  0.058
975 -0.150  1.363  0.069
976 -0.150  1.363  0.069
977 -0.150  1.116  0.078
978 -0.150  1.116  0.078
979 -0.150  0.763  0.084
980 -0.150  0.763  0.084
981 -0.150  0.513  0.089
982 -0.150  0.513  0.089
983 -0.150  0.283  0.091
984 -0.150  0.283  0.091
985 -0.150  0.069  0.091
986 -0.150  0.069  0.091
987 -0.150 -0.108  0.091
988 -0.150 -0.108  0.091
989 -0.150 -0.288  0.088
990 -0.150 -0.288  0.088
991 -0.150 -0.447  0.085
992 -0.150 -0.447  0.085
993 -0.150 -0.594  0.080
994 -0.150 -0.594  0.080
995 -0.150 -0.608  0.075
996 -0.150 -0.608  0.075
997 -0.150 -0.636  0.070
998 -0.150 -0.636  0.070
999 -0.150 -0.744  0.064