0  0.150  0.000  0.021
1  0.150  0.011  0.021
2  0.150  0.011  0.021
3  0.150  0.202  0.023
4  0.150  0.202  0.023
5  0.150  0.333  0.026
6  0.150  0.333  0.026
7  0.150  0.444  0.029
8  0.150  0.444  0.029
9  0.150  0.580  0.034
10  0.150  0.580  0.034
11  0.150  0.683  0.039
12  0.150  0.683  0.039
13  0.150  0.802  0.046
14  0.150  0.802  0.046
15  0.150  0.913  0.053
16 -0.150  0.913  0.053
17 -0.150  0.988  0.061
18 -0.150  0.988  0.061
19 -0.150  0.736  0.067
20 -0.150  0.736  0.067
21 -0.150  0.472  0.071
22 -0.150  0.472  0.071
23 -0.150  0.263  0.073
24 -0.150  0.263  0.073
25 -0.150  0.050  0.073
26 -0.150  0.050  0.073
27 -0.150 -0.130  0.072
28 -0.150 -0.130  0.072
29 -0.150 -0.250  0.070
30 -0.150 -0.250  0.070
31 -0.150 -0.413  0.067
32 -0.150 -0.413  0.067
33 -0.150 -0.519  0.063
34 -0.150 -0.519  0.063
35 -0.150 -0.630  0.058
36 -0.150 -0.630  0.058
37 -0.150 -0.719  0.052
38 -0.150 -0.719  0.052
39 -0.150 -0.825  0.045
40 -0.150 -0.825  0.045
41 -0.150 -0.877  0.038
42 -0.150 -0.877  0.038
43 -0.150 -0.938  0.031
44 -0.150 -0.938  0.031
45 -0.150 -1.022  0.023
46 -0.150 -1.022  0.023
47 -0.150 -1.061  0.014
48 -0.150 -1.061  0.014
49 -0.150 -1.080  0.005
50 -0.150 -1.080  0.005
51 -0.150 -1.122 -0.003
52 -0.150 -1.122 -0.003
53 -0.150 -1.141 -0.012
54 -0.150 -1.141 -0.012
55 -0.150 -1.136 -0.021
56 -0.150 -1.136 -0.021
57 -0.150 -1.155 -0.030
58 -0.150 -1.155 -0.030
59 -0.150 -1.138 -0.039
60 -0.150 -1.138 -0.039
61 -0.150 -1.133 -0.048
62 -0.150 -1.133 -0.048
63 -0.150 -1.130 -0.057
64  0.150 -1.130 -0.057
65  0.150 -1.097 -0.066
66  0.150 -1.097 -0.066
67  0.150 -0.691 -0.072
68  0.150 -0.691 -0.072
69  0.150 -0.275 -0.074
70  0.150 -0.275 -0.074
71  0.150  0.047 -0.074
72  0.150  0.047 -0.074
73  0.150  0.302 -0.071
74  0.150  0.302 -0.071
75  0.150  0.508 -0.067
76  0.150  0.508 -0.067
77  0.150  0.697 -0.061
78  0.150  0.697 -0.061
79  0.150  0.858 -0.055
80  0.150  0.858 -0.055
81  0.150  0.994 -0.047
82  0.150  0.994 -0.047
83  0.150  1.091 -0.038
84  0.150  1.091 -0.038
85  0.150  1.216 -0.028
86  0.150  1.216 -0.028
87  0.150  1.286 -0.018
88  0.150  1.286 -0.018
89  0.150  1.363 -0.007
90  0.150  1.363 -0.007
91  0.150  1.397  0.003
92  0.150  1.397  0.003
93  0.150  1.397  0.014
94  0.150  1.397  0.014
95  0.150  1.397  0.026
96  0.150  1.397  0.026
97  0.150  1.397  0.037
98  0.150  1.397  0.037
99  0.150  1.397  0.048
100  0.150  1.397  0.048
101  0.150  1.397  0.059
102 -0.150  1.397  0.059
103 -0.150  1.397  0.070
104 -0.150  1.397  0.070
105 -0.150  1.344  0.081
106 -0.150  1.344  0.081
107 -0.150  1.122  0.090
108 -0.150  1.122  0.090
109 -0.150  0.802  0.096
110 -0.150  0.802  0.096
111 -0.150  0.566  0.101
112 -0.150  0.566  0.101
113 -0.150  0.350  0.104
114 -0.150  0.350  0.104
115 -0.150  0.111  0.105
116 -0.150  0.111  0.105
117 -0.150 -0.075  0.104
118 -0.150 -0.075  0.104
119 -0.150 -0.219  0.102
120 -0.150 -0.219  0.102
121 -0.150 -0.369  0.099
122 -0.150 -0.369  0.099
123 -0.150 -0.466  0.096
124 -0.150 -0.466  0.096
125 -0.150 -0.586  0.091
126 -0.150 -0.586  0.091
127 -0.150 -0.725  0.085
128 -0.150 -0.725  0.085
129 -0.150 -0.830  0.079
130 -0.150 -0.830  0.079
131 -0.150 -0.919  0.071
132 -0.150 -0.919  0.071
133 -0.150 -1.013  0.063
134 -0.150 -1.013  0.063
135 -0.150 -1.069  0.054
136 -0.150 -1.069  0.054
137 -0.150 -1.138  0.045
138 -0.150 -1.138  0.045
139 -0.150 -1.180  0.036
140 -0.150 -1.180  0.036
141 -0.150 -1.233  0.026
142 -0.150 -1.233  0.026
143 -0.150 -1.252  0.016
144 -0.150 -1.252  0.016
145 -0.150 -1.255  0.006
146 -0.150 -1.255  0.006
147 -0.150 -1.319 -0.004
148 -0.150 -1.319 -0.004
149 -0.150 -1.277 -0.014
150 -0.150 -1.277 -0.014
151 -0.150 -1.308 -0.024
152 -0.150 -1.308 -0.024
153 -0.150 -1.311 -0.035
154 -0.150 -1.311 -0.035
155 -0.150 -1.302 -0.045
156 -0.150 -1.302 -0.045
157 -0.150 -1.305 -0.056
158  0.150 -1.305 -0.056
159  0.150 -1.297 -0.066
160  0.150 -1.297 -0.066
161  0.150 -0.866 -0.073
162  0.150 -0.866 -0.073
163  0.150 -0.516 -0.077
164  0.150 -0.516 -0.077
165  0.150 -0.147 -0.078
166  0.150 -0.147 -0.078
167  0.150  0.194 -0.077
168  0.150  0.194 -0.077
169  0.150  0.416 -0.073
170  0.150  0.416 -0.073
171  0.150  0.583 -0.069
172  0.150  0.583 -0.069
173  0.150  0.750 -0.063
174  0.150  0.750 -0.063
175  0.150  0.905 -0.055
176  0.150  0.905 -0.055
177  0.150  1.041 -0.047
178  0.150  1.041 -0.047
179  0.150  1.130 -0.038
180  0.150  1.130 -0.038
181  0.150  1.250 -0.028
182  0.150  1.250 -0.028
183  0.150  1.316 -0.017
184  0.150  1.316 -0.017
185  0.150  1.380 -0.006
186  0.150  1.380 -0.006
187  0.150  1.397  0.004
188  0.150  1.397  0.004
189  0.150  1.397  0.015
190  0.150  1.397  0.015
191  0.150  1.397  0.026
192  0.150  1.397  0.026
193  0.150  1.397  0.037
194  0.150  1.397  0.037
195  0.150  1.397  0.048
196  0.150  1.397  0.048
197  0.150  1.397  0.060
198 -0.150  1.397  0.060
199 -0.150  1.397  0.071
200 -0.150  1.397  0.071
201 -0.150  1.311  0.081
202 -0.150  1.311  0.081
203 -0.150  1.141  0.090
204 -0.150  1.141  0.090
205 -0.150  0.819  0.097
206 -0.150  0.819  0.097
207 -0.150  0.530  0.101
208 -0.150  0.530  0.101
209 -0.150  0.288  0.104
210 -0.150  0.288  0.104
211 -0.150  0.050  0.104
212 -0.150  0.050  0.104
213 -0.150 -0.136  0.103
214 -0.150 -0.136  0.103
215 -0.150 -0.266  0.101
216 -0.150 -0.266  0.101
217 -0.150 -0.441  0.097
218 -0.150 -0.441  0.097
219 -0.150 -0.566  0.093
220 -0.150 -0.566  0.093
221 -0.150 -0.697  0.087
222 -0.150 -0.697  0.087
223 -0.150 -0.788  0.081
224 -0.150 -0.788  0.081
225 -0.150 -0.900  0.074
226 -0.150 -0.900  0.074
227 -0.150 -0.980  0.066
228 -0.150 -0.980  0.066
229 -0.150 -1.058  0.057
230 -0.150 -1.058  0.057
231 -0.150 -1.116  0.048
232 -0.150 -1.116  0.048
233 -0.150 -1.191  0.039
234 -0.150 -1.191  0.039
235 -0.150 -1.227  0.029
236 -0.150 -1.227  0.029
237 -0.150 -1.291  0.019
238 -0.150 -1.291  0.019
239 -0.150 -1.288  0.008
240 -0.150 -1.288  0.008
241 -0.150 -1.313 -0.001
242 -0.150 -1.313 -0.001
243 -0.150 -1.336 -0.012
244 -0.150 -1.336 -0.012
245 -0.150 -1.330 -0.023
246 -0.150 -1.330 -0.023
247 -0.150 -1.327 -0.033
248 -0.150 -1.327 -0.033
249 -0.150 -1.336 -0.044
250 -0.150 -1.336 -0.044
251 -0.150 -1.336 -0.055
252  0.150 -1.336 -0.055
253  0.150 -1.347 -0.065
254  0.150 -1.347 -0.065
255  0.150 -0.986 -0.073
256  0.150 -0.986 -0.073
257  0.150 -0.616 -0.078
258  0.150 -0.616 -0.078
259  0.150 -0.275 -0.080
260  0.150 -0.275 -0.080
261  0.150  0.050 -0.080
262  0.150  0.050 -0.080
263  0.150  0.313 -0.077
264  0.150  0.313 -0.077
265  0.150  0.513 -0.073
266  0.150  0.513 -0.073
267  0.150  0.666 -0.068
268  0.150  0.666 -0.068
269  0.150  0.844 -0.061
270  0.150  0.844 -0.061
271  0.150  0.952 -0.054
272  0.150  0.952 -0.054
273  0.150  1.083 -0.045
274  0.150  1.083 -0.045
275  0.150  1.202 -0.035
276  0.150  1.202 -0.035
277  0.150  1.261 -0.025
278  0.150  1.261 -0.025
279  0.150  1.361 -0.014
280  0.150  1.361 -0.014
281  0.150  1.397 -0.003
282  0.150  1.397 -0.003
283  0.150  1.397  0.007
284  0.150  1.397  0.007
285  0.150  1.397  0.018
286  0.150  1.397  0.018
287  0.150  1.397  0.029
288  0.150  1.397  0.029
289  0.150  1.397  0.040
290  0.150  1.397  0.040
291  0.150  1.397  0.052
292 -0.150  1.397  0.052
293 -0.150  1.397  0.063
294 -0.150  1.397  0.063
295 -0.150  1.361  0.074
296 -0.150  1.361  0.074
297 -0.150  1.130  0.083
298 -0.150  1.130  0.083
299 -0.150  0.838  0.089
300 -0.150  0.838  0.089
301 -0.150  0.494  0.094
302 -0.150  0.494  0.094
303 -0.150  0.261  0.096
304 -0.150  0.261  0.096
305 -0.150 -0.002  0.096
306 -0.150 -0.002  0.096
307 -0.150 -0.200  0.094
308 -0.150 -0.200  0.094
309 -0.150 -0.350  0.091
310 -0.150 -0.350  0.091
311 -0.150 -0.500  0.087
312 -0.150 -0.500  0.087
313 -0.150 -0.616  0.082
314 -0.150 -0.616  0.082
315 -0.150 -0.744  0.076
316 -0.150 -0.744  0.076
317 -0.150 -0.830  0.070
318 -0.150 -0.830  0.070
319 -0.150 -0.938  0.062
320 -0.150 -0.938  0.062
321 -0.150 -1.022  0.054
322 -0.150 -1.022  0.054
323 -0.150 -1.072  0.045
324 -0.150 -1.072  0.045
325 -0.150 -1.122  0.036
326 -0.150 -1.122  0.036
327 -0.150 -1.200  0.027
328 -0.150 -1.200  0.027
329 -0.150 -1.238  0.017
330 -0.150 -1.238  0.017
331 -0.150 -1.297  0.007
332 -0.150 -1.297  0.007
333 -0.150 -1.291 -0.003
334 -0.150 -1.291 -0.003
335 -0.150 -1.327 -0.013
336 -0.150 -1.327 -0.013
337 -0.150 -1.336 -0.024
338 -0.150 -1.336 -0.024
339 -0.150 -1.330 -0.035
340 -0.150 -1.330 -0.035
341 -0.150 -1.341 -0.046
342 -0.150 -1.341 -0.046
343 -0.150 -1.330 -0.056
344  0.150 -1.330 -0.056
345  0.150 -1.319 -0.067
346  0.150 -1.319 -0.067
347  0.150 -1.002 -0.075
348  0.150 -1.002 -0.075
349  0.150 -0.602 -0.080
350  0.150 -0.602 -0.080
351  0.150 -0.255 -0.082
352  0.150 -0.255 -0.082
353  0.150  0.038 -0.081
354  0.150  0.038 -0.081
355  0.150  0.275 -0.079
356  0.150  0.275 -0.079
357  0.150  0.469 -0.075
358  0.150  0.469 -0.075
359  0.150  0.641 -0.070
360  0.150  0.641 -0.070
361  0.150  0.797 -0.064
362  0.150  0.797 -0.064
363  0.150  0.919 -0.057
364  0.150  0.919 -0.057
365  0.150  1.052 -0.048
366  0.150  1.052 -0.048
367  0.150  1.144 -0.039
368  0.150  1.144 -0.039
369  0.150  1.238 -0.029
370  0.150  1.238 -0.029
371  0.150  1.325 -0.019
372  0.150  1.325 -0.019
373  0.150  1.397 -0.007
374  0.150  1.397 -0.007
375  0.150  1.397  0.003
376  0.150  1.397  0.003
377  0.150  1.397  0.014
378  0.150  1.397  0.014
379  0.150  1.397  0.025
380  0.150  1.397  0.025
381  0.150  1.397  0.036
382  0.150  1.397  0.036
383  0.150  1.397  0.048
384  0.150  1.397  0.048
385  0.150  1.397  0.059
386 -0.150  1.397  0.059
387 -0.150  1.397  0.070
388 -0.150  1.397  0.070
389 -0.150  1.397  0.081
390 -0.150  1.397  0.081
391 -0.150  1.044  0.089
392 -0.150  1.044  0.089
393 -0.150  0.788  0.096
394 -0.150  0.788  0.096
395 -0.150  0.522  0.0100
396 -0.150  0.522  0.0100
397 -0.150  0.202  0.102
398 -0.150  0.202  0.102
399 -0.150 -0.036  0.101
400 -0.150 -0.036  0.101
401 -0.150 -0.202  0.0100
402 -0.150 -0.202  0.0100
403 -0.150 -0.355  0.097
404 -0.150 -0.355  0.097
405 -0.150 -0.505  0.093
406 -0.150 -0.505  0.093
407 -0.150 -0.638  0.088
408 -0.150 -0.638  0.088
409 -0.150 -0.750  0.082
410 -0.150 -0.750  0.082
411 -0.150 -0.855  0.075
412 -0.150 -0.855  0.075
413 -0.150 -0.936  0.067
414 -0.150 -0.936  0.067
415 -0.150 -1.019  0.059
416 -0.150 -1.019  0.059
417 -0.150 -1.113  0.050
418 -0.150 -1.113  0.050
419 -0.150 -1.155  0.041
420 -0.150 -1.155  0.041
421 -0.150 -1.194  0.032
422 -0.150 -1.194  0.032
423 -0.150 -1.252  0.022
424 -0.150 -1.252  0.022
425 -0.150 -1.291  0.011
426 -0.150 -1.291  0.011
427 -0.150 -1.350  0.000
428 -0.150 -1.350  0.000
429 -0.150 -1.355 -0.009
430 -0.150 -1.355 -0.009
431 -0.150 -1.377 -0.020
432 -0.150 -1.377 -0.020
433 -0.150 -1.377 -0.032
434 -0.150 -1.377 -0.032
435 -0.150 -1.377 -0.043
436 -0.150 -1.377 -0.043
437 -0.150 -1.372 -0.054
438  0.150 -1.372 -0.054
439  0.150 -1.372 -0.064
440  0.150 -1.372 -0.064
441  0.150 -1.041 -0.073
442  0.150 -1.041 -0.073
443  0.150 -0.705 -0.078
444  0.150 -0.705 -0.078
445  0.150 -0.358 -0.081
446  0.150 -0.358 -0.081
447  0.150 -0.050 -0.082
448  0.150 -0.050 -0.082
449  0.150  0.194 -0.080
450  0.150  0.194 -0.080
451  0.150  0.372 -0.077
452  0.150  0.372 -0.077
453  0.150  0.530 -0.073
454  0.150  0.530 -0.073
455  0.150  0.716 -0.067
456  0.150  0.716 -0.067
457  0.150  0.858 -0.060
458  0.150  0.858 -0.060
459  0.150  1.000 -0.052
460  0.150  1.000 -0.052
461  0.150  1.063 -0.044
462  0.150  1.063 -0.044
463  0.150  1.180 -0.034
464  0.150  1.180 -0.034
465  0.150  1.280 -0.024
466  0.150  1.280 -0.024
467  0.150  1.330 -0.014
468  0.150  1.330 -0.014
469  0.150  1.391 -0.002
470  0.150  1.391 -0.002
471  0.150  1.397  0.008
472  0.150  1.397  0.008
473  0.150  1.397  0.019
474  0.150  1.397  0.019
475  0.150  1.397  0.030
476  0.150  1.397  0.030
477  0.150  1.397  0.041
478  0.150  1.397  0.041
479  0.150  1.397  0.052
480 -0.150  1.397  0.052
481 -0.150  1.397  0.064
482 -0.150  1.397  0.064
483 -0.150  1.294  0.074
484 -0.150  1.294  0.074
485 -0.150  1.022  0.082
486 -0.150  1.022  0.082
487 -0.150  0.775  0.088
488 -0.150  0.775  0.088
489 -0.150  0.472  0.092
490 -0.150  0.472  0.092
491 -0.150  0.211  0.094
492 -0.150  0.211  0.094
493 -0.150 -0.047  0.093
494 -0.150 -0.047  0.093
495 -0.150 -0.261  0.091
496 -0.150 -0.261  0.091
497 -0.150 -0.411  0.088
498 -0.150 -0.411  0.088
499 -0.150 -0.541  0.084
500 -0.150 -0.541  0.084
501 -0.150 -0.680  0.078
502 -0.150 -0.680  0.078
503 -0.150 -0.758  0.072
504 -0.150 -0.758  0.072
505 -0.150 -0.891  0.065
506 -0.150 -0.891  0.065
507 -0.150 -0.963  0.057
508 -0.150 -0.963  0.057
509 -0.150 -1.052  0.049
510 -0.150 -1.052  0.049
511 -0.150 -1.113  0.040
512 -0.150 -1.113  0.040
513 -0.150 -1.163  0.031
514 -0.150 -1.163  0.031
515 -0.150 -1.208  0.021
516 -0.150 -1.208  0.021
517 -0.150 -1.274  0.011
518 -0.150 -1.274  0.011
519 -0.150 -1.291  0.001
520 -0.150 -1.291  0.001
521 -0.150 -1.358 -0.009
522 -0.150 -1.358 -0.009
523 -0.150 -1.352 -0.020
524 -0.150 -1.352 -0.020
525 -0.150 -1.377 -0.031
526 -0.150 -1.377 -0.031
527 -0.150 -1.377 -0.042
528 -0.150 -1.377 -0.042
529 -0.150 -1.377 -0.053
530  0.150 -1.377 -0.053
531  0.150 -1.363 -0.064
532  0.150 -1.363 -0.064
533  0.150 -1.075 -0.073
534  0.150 -1.075 -0.073
535  0.150 -0.733 -0.079
536  0.150 -0.733 -0.079
537  0.150 -0.336 -0.081
538  0.150 -0.336 -0.081
539  0.150 -0.052 -0.082
540  0.150 -0.052 -0.082
541  0.150  0.227 -0.080
542  0.150  0.227 -0.080
543  0.150  0.427 -0.076
544  0.150  0.427 -0.076
545  0.150  0.613 -0.072
546  0.150  0.613 -0.072
547  0.150  0.752 -0.066
548  0.150  0.752 -0.066
549  0.150  0.869 -0.059
550  0.150  0.869 -0.059
551  0.150  0.988 -0.051
552  0.150  0.988 -0.051
553  0.150  1.119 -0.042
554  0.150  1.119 -0.042
555  0.150  1.177 -0.032
556  0.150  1.177 -0.032
557  0.150  1.255 -0.022
558  0.150  1.255 -0.022
559  0.150  1.344 -0.011
560  0.150  1.344 -0.011
561  0.150  1.363 -0.001
562  0.150  1.363 -0.001
563  0.150  1.397  0.0010
564  0.150  1.397  0.0010
565  0.150  1.397  0.021
566  0.150  1.397  0.021
567  0.150  1.397  0.032
568  0.150  1.397  0.032
569  0.150  1.397  0.043
570  0.150  1.397  0.043
571  0.150  1.397  0.054
572 -0.150  1.397  0.054
573 -0.150  1.397  0.065
574 -0.150  1.397  0.065
575 -0.150  1.336  0.076
576 -0.150  1.336  0.076
577 -0.150  1.105  0.085
578 -0.150  1.105  0.085
579 -0.150  0.750  0.091
580 -0.150  0.750  0.091
581 -0.150  0.480  0.095
582 -0.150  0.480  0.095
583 -0.150  0.225  0.097
584 -0.150  0.225  0.097
585 -0.150  0.002  0.097
586 -0.150  0.002  0.097
587 -0.150 -0.158  0.095
588 -0.150 -0.158  0.095
589 -0.150 -0.291  0.093
590 -0.150 -0.291  0.093
591 -0.150 -0.441  0.090
592 -0.150 -0.441  0.090
593 -0.150 -0.561  0.085
594 -0.150 -0.561  0.085
595 -0.150 -0.669  0.080
596 -0.150 -0.669  0.080
597 -0.150 -0.797  0.073
598 -0.150 -0.797  0.073
599 -0.150 -0.919  0.066
600 -0.150 -0.919  0.066
601 -0.150 -1.019  0.058
602 -0.150 -1.019  0.058
603 -0.150 -1.080  0.049
604 -0.150 -1.080  0.049
605 -0.150 -1.133  0.040
606 -0.150 -1.133  0.040
607 -0.150 -1.225  0.030
608 -0.150 -1.225  0.030
609 -0.150 -1.238  0.020
610 -0.150 -1.238  0.020
611 -0.150 -1.308  0.0010
612 -0.150 -1.308  0.0010
613 -0.150 -1.333 -0.000
614 -0.150 -1.333 -0.000
615 -0.150 -1.377 -0.011
616 -0.150 -1.377 -0.011
617 -0.150 -1.375 -0.022
618 -0.150 -1.375 -0.022
619 -0.150 -1.377 -0.033
620 -0.150 -1.377 -0.033
621 -0.150 -1.377 -0.044
622 -0.150 -1.377 -0.044
623 -0.150 -1.377 -0.055
624  0.150 -1.377 -0.055
625  0.150 -1.366 -0.066
626  0.150 -1.366 -0.066
627  0.150 -1.063 -0.074
628  0.150 -1.063 -0.074
629  0.150 -0.658 -0.080
630  0.150 -0.658 -0.080
631  0.150 -0.322 -0.082
632  0.150 -0.322 -0.082
633  0.150 -0.016 -0.082
634  0.150 -0.016 -0.082
635  0.150  0.227 -0.080
636  0.150  0.227 -0.080
637  0.150  0.416 -0.077
638  0.150  0.416 -0.077
639  0.150  0.605 -0.072
640  0.150  0.605 -0.072
641  0.150  0.741 -0.066
642  0.150  0.741 -0.066
643  0.150  0.855 -0.060
644  0.150  0.855 -0.060
645  0.150  0.975 -0.052
646  0.150  0.975 -0.052
647  0.150  1.097 -0.043
648  0.150  1.097 -0.043
649  0.150  1.166 -0.034
650  0.150  1.166 -0.034
651  0.150  1.236 -0.024
652  0.150  1.236 -0.024
653  0.150  1.325 -0.013
654  0.150  1.325 -0.013
655  0.150  1.366 -0.002
656  0.150  1.366 -0.002
657  0.150  1.397  0.008
658  0.150  1.397  0.008
659  0.150  1.397  0.019
660  0.150  1.397  0.019
661  0.150  1.397  0.030
662  0.150  1.397  0.030
663  0.150  1.397  0.042
664  0.150  1.397  0.042
665  0.150  1.397  0.053
666 -0.150  1.397  0.053
667 -0.150  1.397  0.064
668 -0.150  1.397  0.064
669 -0.150  1.311  0.074
670 -0.150  1.311  0.074
671 -0.150  1.036  0.083
672 -0.150  1.036  0.083
673 -0.150  0.730  0.089
674 -0.150  0.730  0.089
675 -0.150  0.463  0.092
676 -0.150  0.463  0.092
677 -0.150  0.211  0.094
678 -0.150  0.211  0.094
679 -0.150 -0.008  0.094
680 -0.150 -0.008  0.094
681 -0.150 -0.186  0.092
682 -0.150 -0.186  0.092
683 -0.150 -0.325  0.090
684 -0.150 -0.325  0.090
685 -0.150 -0.472  0.086
686 -0.150 -0.472  0.086
687 -0.150 -0.611  0.081
688 -0.150 -0.611  0.081
689 -0.150 -0.744  0.075
690 -0.150 -0.744  0.075
691 -0.150 -0.863  0.068
692 -0.150 -0.863  0.068
693 -0.150 -0.950  0.061
694 -0.150 -0.950  0.061
695 -0.150 -1.019  0.053
696 -0.150 -1.019  0.053
697 -0.150 -1.116  0.044
698 -0.150 -1.116  0.044
699 -0.150 -1.177  0.034
700 -0.150 -1.177  0.034
701 -0.150 -1.227  0.024
702 -0.150 -1.227  0.024
703 -0.150 -1.269  0.014
704 -0.150 -1.269  0.014
705 -0.150 -1.302  0.004
706 -0.150 -1.302  0.004
707 -0.150 -1.347 -0.006
708 -0.150 -1.347 -0.006
709 -0.150 -1.377 -0.017
710 -0.150 -1.377 -0.017
711 -0.150 -1.369 -0.028
712 -0.150 -1.369 -0.028
713 -0.150 -1.377 -0.039
714 -0.150 -1.377 -0.039
715 -0.150 -1.377 -0.050
716  0.150 -1.377 -0.050
717  0.150 -1.377 -0.061
718  0.150 -1.377 -0.061
719  0.150 -1.049 -0.069
720  0.150 -1.049 -0.069
721  0.150 -0.777 -0.076
722  0.150 -0.777 -0.076
723  0.150 -0.369 -0.079
724  0.150 -0.369 -0.079
725  0.150 -0.108 -0.079
726  0.150 -0.108 -0.079
727  0.150  0.155 -0.078
728  0.150  0.155 -0.078
729  0.150  0.327 -0.076
730  0.150  0.327 -0.076
731  0.150  0.497 -0.072
732  0.150  0.497 -0.072
733  0.150  0.630 -0.067
734  0.150  0.630 -0.067
735  0.150  0.813 -0.060
736  0.150  0.813 -0.060
737  0.150  0.908 -0.053
738  0.150  0.908 -0.053
739  0.150  1.041 -0.045
740  0.150  1.041 -0.045
741  0.150  1.105 -0.036
742  0.150  1.105 -0.036
743  0.150  1.183 -0.026
744  0.150  1.183 -0.026
745  0.150  1.266 -0.016
746  0.150  1.266 -0.016
747  0.150  1.316 -0.006
748  0.150  1.316 -0.006
749  0.150  1.366  0.004
750  0.150  1.366  0.004
751  0.150  1.397  0.016
752  0.150  1.397  0.016
753  0.150  1.397  0.027
754  0.150  1.397  0.027
755  0.150  1.397  0.038
756  0.150  1.397  0.038
757  0.150  1.397  0.049
758  0.150  1.397  0.049
759  0.150  1.397  0.060
760 -0.150  1.397  0.060
761 -0.150  1.397  0.071
762 -0.150  1.397  0.071
763 -0.150  1.344  0.082
764 -0.150  1.344  0.082
765 -0.150  1.011  0.090
766 -0.150  1.011  0.090
767 -0.150  0.730  0.096
768 -0.150  0.730  0.096
769 -0.150  0.483  0.0100
770 -0.150  0.483  0.0100
771 -0.150  0.230  0.102
772 -0.150  0.230  0.102
773 -0.150  0.016  0.102
774 -0.150  0.016  0.102
775 -0.150 -0.197  0.0100
776 -0.150 -0.197  0.0100
777 -0.150 -0.336  0.098
778 -0.150 -0.336  0.098
779 -0.150 -0.494  0.094
780 -0.150 -0.494  0.094
781 -0.150 -0.627  0.089
782 -0.150 -0.627  0.089
783 -0.150 -0.758  0.083
784 -0.150 -0.758  0.083
785 -0.150 -0.844  0.076
786 -0.150 -0.844  0.076
787 -0.150 -0.958  0.068
788 -0.150 -0.958  0.068
789 -0.150 -1.038  0.060
790 -0.150 -1.038  0.060
791 -0.150 -1.102  0.051
792 -0.150 -1.102  0.051
793 -0.150 -1.191  0.042
794 -0.150 -1.191  0.042
795 -0.150 -1.238  0.032
796 -0.150 -1.238  0.032
797 -0.150 -1.288  0.021
798 -0.150 -1.288  0.021
799 -0.150 -1.319  0.011
800 -0.150 -1.319  0.011
801 -0.150 -1.358  0.000
802 -0.150 -1.358  0.000
803 -0.150 -1.377 -0.0010
804 -0.150 -1.377 -0.0010
805 -0.150 -1.377 -0.021
806 -0.150 -1.377 -0.021
807 -0.150 -1.377 -0.032
808 -0.150 -1.377 -0.032
809 -0.150 -1.377 -0.043
810 -0.150 -1.377 -0.043
811 -0.150 -1.377 -0.054
812  0.150 -1.377 -0.054
813  0.150 -1.377 -0.065
814  0.150 -1.377 -0.065
815  0.150 -1.122 -0.074
816  0.150 -1.122 -0.074
817  0.150 -0.733 -0.080
818  0.150 -0.733 -0.080
819  0.150 -0.394 -0.083
820  0.150 -0.394 -0.083
821  0.150 -0.055 -0.084
822  0.150 -0.055 -0.084
823  0.150  0.236 -0.082
824  0.150  0.236 -0.082
825  0.150  0.447 -0.078
826  0.150  0.447 -0.078
827  0.150  0.586 -0.073
828  0.150  0.586 -0.073
829  0.150  0.716 -0.068
830  0.150  0.716 -0.068
831  0.150  0.836 -0.061
832  0.150  0.836 -0.061
833  0.150  0.975 -0.053
834  0.150  0.975 -0.053
835  0.150  1.077 -0.045
836  0.150  1.077 -0.045
837  0.150  1.136 -0.035
838  0.150  1.136 -0.035
839  0.150  1.216 -0.026
840  0.150  1.216 -0.026
841  0.150  1.299 -0.015
842  0.150  1.299 -0.015
843  0.150  1.336 -0.005
844  0.150  1.336 -0.005
845  0.150  1.397  0.006
846  0.150  1.397  0.006
847  0.150  1.397  0.017
848  0.150  1.397  0.017
849  0.150  1.397  0.028
850  0.150  1.397  0.028
851  0.150  1.397  0.039
852  0.150  1.397  0.039
853  0.150  1.397  0.050
854 -0.150  1.397  0.050
855 -0.150  1.397  0.061
856 -0.150  1.397  0.061
857 -0.150  1.274  0.072
858 -0.150  1.274  0.072
859 -0.150  1.008  0.080
860 -0.150  1.008  0.080
861 -0.150  0.638  0.085
862 -0.150  0.638  0.085
863 -0.150  0.352  0.088
864 -0.150  0.352  0.088
865 -0.150  0.080  0.088
866 -0.150  0.080  0.088
867 -0.150 -0.130  0.087
868 -0.150 -0.130  0.087
869 -0.150 -0.300  0.085
870 -0.150 -0.300  0.085
871 -0.150 -0.469  0.081
872 -0.150 -0.469  0.081
873 -0.150 -0.616  0.076
874 -0.150 -0.616  0.076
875 -0.150 -0.713  0.070
876 -0.150 -0.713  0.070
877 -0.150 -0.819  0.064
878 -0.150 -0.819  0.064
879 -0.150 -0.925  0.056
880 -0.150 -0.925  0.056
881 -0.150 -1.013  0.048
882 -0.150 -1.013  0.048
883 -0.150 -1.069  0.040
884 -0.150 -1.069  0.040
885 -0.150 -1.147  0.031
886 -0.150 -1.147  0.031
887 -0.150 -1.230  0.021
888 -0.150 -1.230  0.021
889 -0.150 -1.255  0.011
890 -0.150 -1.255  0.011
891 -0.150 -1.308  0.000
892 -0.150 -1.308  0.000
893 -0.150 -1.344 -0.009
894 -0.150 -1.344 -0.009
895 -0.150 -1.372 -0.020
896 -0.150 -1.372 -0.020
897 -0.150 -1.377 -0.031
898 -0.150 -1.377 -0.031
899 -0.150 -1.377 -0.042
900 -0.150 -1.377 -0.042
901 -0.150 -1.377 -0.054
902  0.150 -1.377 -0.054
903  0.150 -1.375 -0.065
904  0.150 -1.375 -0.065
905  0.150 -1.008 -0.073
906  0.150 -1.008 -0.073
907  0.150 -0.725 -0.078
908  0.150 -0.725 -0.078
909  0.150 -0.375 -0.082
910  0.150 -0.375 -0.082
911  0.150 -0.072 -0.082
912  0.150 -0.072 -0.082
913  0.150  0.152 -0.081
914  0.150  0.152 -0.081
915  0.150  0.347 -0.078
916  0.150  0.347 -0.078
917  0.150  0.511 -0.074
918  0.150  0.511 -0.074
919  0.150  0.680 -0.069
920  0.150  0.680 -0.069
921  0.150  0.802 -0.062
922  0.150  0.802 -0.062
923  0.150  0.947 -0.055
924  0.150  0.947 -0.055
925  0.150  1.022 -0.046
926  0.150  1.022 -0.046
927  0.150  1.086 -0.038
928  0.150  1.086 -0.038
929  0.150  1.183 -0.028
930  0.150  1.183 -0.028
931  0.150  1.280 -0.018
932  0.150  1.280 -0.018
933  0.150  1.305 -0.008
934  0.150  1.305 -0.008
935  0.150  1.397  0.003
936  0.150  1.397  0.003
937  0.150  1.397  0.014
938  0.150  1.397  0.014
939  0.150  1.397  0.025
940  0.150  1.397  0.025
941  0.150  1.397  0.036
942  0.150  1.397  0.036
943  0.150  1.397  0.047
944  0.150  1.397  0.047
945  0.150  1.397  0.059
946 -0.150  1.397  0.059
947 -0.150  1.397  0.070
948 -0.150  1.397  0.070
949 -0.150  1.261  0.080
950 -0.150  1.261  0.080
951 -0.150  0.919  0.087
952 -0.150  0.919  0.087
953 -0.150  0.669  0.093
954 -0.150  0.669  0.093
955 -0.150  0.397  0.096
956 -0.150  0.397  0.096
957 -0.150  0.136  0.097
958 -0.150  0.136  0.097
959 -0.150 -0.072  0.096
960 -0.150 -0.072  0.096
961 -0.150 -0.233  0.094
962 -0.150 -0.233  0.094
963 -0.150 -0.383  0.091
964 -0.150 -0.383  0.091
965 -0.150 -0.530  0.087
966 -0.150 -0.530  0.087
967 -0.150 -0.647  0.082
968 -0.150 -0.647  0.082
969 -0.150 -0.772  0.076
970 -0.150 -0.772  0.076
971 -0.150 -0.872  0.069
972 -0.150 -0.872  0.069
973 -0.150 -0.961  0.061
974 -0.150 -0.961  0.061
975 -0.150 -1.030  0.053
976 -0.150 -1.030  0.053
977 -0.150 -1.138  0.044
978 -0.150 -1.138  0.044
979 -0.150 -1.177  0.034
980 -0.150 -1.177  0.034
981 -0.150 -1.261  0.024
982 -0.150 -1.261  0.024
983 -0.150 -1.308  0.014
984 -0.150 -1.308  0.014
985 -0.150 -1.352  0.003
986 -0.150 -1.352  0.003
987 -0.150 -1.375 -0.007
988 -0.150 -1.375 -0.007
989 -0.150 -1.377 -0.018
990 -0.150 -1.377 -0.018
991 -0.150 -1.377 -0.029
992 -0.150 -1.377 -0.029
993 -0.150 -1.377 -0.040
994 -0.150 -1.377 -0.040
995 -0.150 -1.377 -0.051
996  0.150 -1.377 -0.051
997  0.150 -1.377 -0.062
998  0.150 -1.377 -0.062
999  0.150 -1.177 -0.072